scenarioType simulation numSimulation numSequences popSize recRate mutRate length rho thetaRate theta status invSites jukesCantor popGrowth alphaShape pValNSS pValMaxChi pValPHI
1 scenario1_n100_popSize5446_r5.6e-8 1 100 5446 5.6e-8 4.1e-7 16478 10.0508 0.00223286 36.7931 1 0 1 1e-3 0.2 0.00e+00 0.00e+00 1.34e-08
1 scenario1_n100_popSize5446_r5.6e-8 2 100 5446 5.6e-8 4.1e-7 16478 10.0508 0.00223286 36.7931 1 0 1 1e-3 0.2 0.00e+00 0.00e+00 2.88e-21
1 scenario1_n100_popSize5446_r5.6e-8 3 100 5446 5.6e-8 4.1e-7 16478 10.0508 0.00223286 36.7931 1 0 1 1e-3 0.2 0.00e+00 0.00e+00 0.00e+00
1 scenario1_n100_popSize5446_r5.6e-8 4 100 5446 5.6e-8 4.1e-7 16478 10.0508 0.00223286 36.7931 1 0 1 1e-3 0.2 0.00e+00 0.00e+00 1.24e-28
1 scenario1_n100_popSize5446_r5.6e-8 5 100 5446 5.6e-8 4.1e-7 16478 10.0508 0.00223286 36.7931 1 0 1 1e-3 0.2 0.00e+00 0.00e+00 2.24e-28
1 scenario1_n100_popSize5446_r5.6e-8 6 100 5446 5.6e-8 4.1e-7 16478 10.0508 0.00223286 36.7931 1 0 1 1e-3 0.2 0.00e+00 0.00e+00 1.31e-32
1 scenario1_n100_popSize5446_r5.6e-8 7 100 5446 5.6e-8 4.1e-7 16478 10.0508 0.00223286 36.7931 1 0 1 1e-3 0.2 0.00e+00 0.00e+00 6.34e-35
1 scenario1_n100_popSize5446_r5.6e-8 8 100 5446 5.6e-8 4.1e-7 16478 10.0508 0.00223286 36.7931 1 0 1 1e-3 0.2 0.00e+00 0.00e+00 4.05e-21
1 scenario1_n100_popSize5446_r5.6e-8 9 100 5446 5.6e-8 4.1e-7 16478 10.0508 0.00223286 36.7931 1 0 1 1e-3 0.2 0.00e+00 0.00e+00 0.00e+00
1 scenario1_n100_popSize5446_r5.6e-8 10 100 5446 5.6e-8 4.1e-7 16478 10.0508 0.00223286 36.7931 1 0 1 1e-3 0.2 0.00e+00 0.00e+00 4.36e-09
1 scenario1_n100_popSize5446_r5.6e-8 11 100 5446 5.6e-8 4.1e-7 16478 10.0508 0.00223286 36.7931 1 0 1 1e-3 0.2 0.00e+00 0.00e+00 2.84e-21
1 scenario1_n100_popSize5446_r5.6e-8 12 100 5446 5.6e-8 4.1e-7 16478 10.0508 0.00223286 36.7931 1 0 1 1e-3 0.2 0.00e+00 0.00e+00 4.02e-36
1 scenario1_n100_popSize5446_r5.6e-8 13 100 5446 5.6e-8 4.1e-7 16478 10.0508 0.00223286 36.7931 1 0 1 1e-3 0.2 0.00e+00 0.00e+00 5.76e-18
1 scenario1_n100_popSize5446_r5.6e-8 14 100 5446 5.6e-8 4.1e-7 16478 10.0508 0.00223286 36.7931 1 0 1 1e-3 0.2 0.00e+00 0.00e+00 0.00e+00
1 scenario1_n100_popSize5446_r5.6e-8 15 100 5446 5.6e-8 4.1e-7 16478 10.0508 0.00223286 36.7931 1 0 1 1e-3 0.2 0.00e+00 0.00e+00 4.68e-17
1 scenario1_n100_popSize5446_r5.6e-8 16 100 5446 5.6e-8 4.1e-7 16478 10.0508 0.00223286 36.7931 1 0 1 1e-3 0.2 0.00e+00 0.00e+00 3.76e-15
1 scenario1_n100_popSize5446_r5.6e-8 17 100 5446 5.6e-8 4.1e-7 16478 10.0508 0.00223286 36.7931 1 0 1 1e-3 0.2 0.00e+00 0.00e+00 1.34e-30
1 scenario1_n100_popSize5446_r5.6e-8 18 100 5446 5.6e-8 4.1e-7 16478 10.0508 0.00223286 36.7931 1 0 1 1e-3 0.2 0.00e+00 0.00e+00 1.63e-23
1 scenario1_n100_popSize5446_r5.6e-8 19 100 5446 5.6e-8 4.1e-7 16478 10.0508 0.00223286 36.7931 1 0 1 1e-3 0.2 0.00e+00 0.00e+00 1.17e-22
1 scenario1_n100_popSize5446_r5.6e-8 20 100 5446 5.6e-8 4.1e-7 16478 10.0508 0.00223286 36.7931 1 0 1 1e-3 0.2 0.00e+00 0.00e+00 6.12e-25
1 scenario1_n100_popSize5446_r5.6e-8 21 100 5446 5.6e-8 4.1e-7 16478 10.0508 0.00223286 36.7931 1 0 1 1e-3 0.2 0.00e+00 0.00e+00 1.19e-26
1 scenario1_n100_popSize5446_r5.6e-8 22 100 5446 5.6e-8 4.1e-7 16478 10.0508 0.00223286 36.7931 1 0 1 1e-3 0.2 0.00e+00 0.00e+00 2.71e-23
1 scenario1_n100_popSize5446_r5.6e-8 23 100 5446 5.6e-8 4.1e-7 16478 10.0508 0.00223286 36.7931 1 0 1 1e-3 0.2 0.00e+00 0.00e+00 0.00e+00
1 scenario1_n100_popSize5446_r5.6e-8 24 100 5446 5.6e-8 4.1e-7 16478 10.0508 0.00223286 36.7931 1 0 1 1e-3 0.2 0.00e+00 0.00e+00 0.00e+00
1 scenario1_n100_popSize5446_r5.6e-8 25 100 5446 5.6e-8 4.1e-7 16478 10.0508 0.00223286 36.7931 1 0 1 1e-3 0.2 0.00e+00 0.00e+00 0.00e+00
1 scenario1_n100_popSize5446_r5.6e-8 26 100 5446 5.6e-8 4.1e-7 16478 10.0508 0.00223286 36.7931 1 0 1 1e-3 0.2 0.00e+00 0.00e+00 0.00e+00
1 scenario1_n100_popSize5446_r5.6e-8 27 100 5446 5.6e-8 4.1e-7 16478 10.0508 0.00223286 36.7931 1 0 1 1e-3 0.2 0.00e+00 0.00e+00 2.95e-21
1 scenario1_n100_popSize5446_r5.6e-8 28 100 5446 5.6e-8 4.1e-7 16478 10.0508 0.00223286 36.7931 1 0 1 1e-3 0.2 0.00e+00 0.00e+00 0.00e+00
1 scenario1_n100_popSize5446_r5.6e-8 29 100 5446 5.6e-8 4.1e-7 16478 10.0508 0.00223286 36.7931 1 0 1 1e-3 0.2 0.00e+00 0.00e+00 8.13e-22
1 scenario1_n100_popSize5446_r5.6e-8 30 100 5446 5.6e-8 4.1e-7 16478 10.0508 0.00223286 36.7931 1 0 1 1e-3 0.2 0.00e+00 0.00e+00 0.00e+00
1 scenario1_n100_popSize5446_r5.6e-8 31 100 5446 5.6e-8 4.1e-7 16478 10.0508 0.00223286 36.7931 1 0 1 1e-3 0.2 0.00e+00 0.00e+00 1.60e-21
1 scenario1_n100_popSize5446_r5.6e-8 32 100 5446 5.6e-8 4.1e-7 16478 10.0508 0.00223286 36.7931 1 0 1 1e-3 0.2 0.00e+00 0.00e+00 3.69e-23
1 scenario1_n100_popSize5446_r5.6e-8 33 100 5446 5.6e-8 4.1e-7 16478 10.0508 0.00223286 36.7931 1 0 1 1e-3 0.2 0.00e+00 0.00e+00 1.62e-29
1 scenario1_n100_popSize5446_r5.6e-8 34 100 5446 5.6e-8 4.1e-7 16478 10.0508 0.00223286 36.7931 1 0 1 1e-3 0.2 0.00e+00 0.00e+00 2.33e-30
1 scenario1_n100_popSize5446_r5.6e-8 35 100 5446 5.6e-8 4.1e-7 16478 10.0508 0.00223286 36.7931 1 0 1 1e-3 0.2 0.00e+00 0.00e+00 3.40e-14
1 scenario1_n100_popSize5446_r5.6e-8 36 100 5446 5.6e-8 4.1e-7 16478 10.0508 0.00223286 36.7931 1 0 1 1e-3 0.2 0.00e+00 0.00e+00 1.60e-35
1 scenario1_n100_popSize5446_r5.6e-8 37 100 5446 5.6e-8 4.1e-7 16478 10.0508 0.00223286 36.7931 1 0 1 1e-3 0.2 0.00e+00 0.00e+00 7.79e-29
1 scenario1_n100_popSize5446_r5.6e-8 38 100 5446 5.6e-8 4.1e-7 16478 10.0508 0.00223286 36.7931 1 0 1 1e-3 0.2 0.00e+00 0.00e+00 3.06e-06
1 scenario1_n100_popSize5446_r5.6e-8 39 100 5446 5.6e-8 4.1e-7 16478 10.0508 0.00223286 36.7931 1 0 1 1e-3 0.2 0.00e+00 0.00e+00 3.88e-33
1 scenario1_n100_popSize5446_r5.6e-8 40 100 5446 5.6e-8 4.1e-7 16478 10.0508 0.00223286 36.7931 1 0 1 1e-3 0.2 0.00e+00 0.00e+00 0.00e+00
1 scenario1_n100_popSize5446_r5.6e-8 41 100 5446 5.6e-8 4.1e-7 16478 10.0508 0.00223286 36.7931 1 0 1 1e-3 0.2 0.00e+00 0.00e+00 0.00e+00
1 scenario1_n100_popSize5446_r5.6e-8 42 100 5446 5.6e-8 4.1e-7 16478 10.0508 0.00223286 36.7931 1 0 1 1e-3 0.2 0.00e+00 0.00e+00 0.00e+00
1 scenario1_n100_popSize5446_r5.6e-8 43 100 5446 5.6e-8 4.1e-7 16478 10.0508 0.00223286 36.7931 1 0 1 1e-3 0.2 0.00e+00 0.00e+00 0.00e+00
1 scenario1_n100_popSize5446_r5.6e-8 44 100 5446 5.6e-8 4.1e-7 16478 10.0508 0.00223286 36.7931 1 0 1 1e-3 0.2 0.00e+00 0.00e+00 8.30e-35
1 scenario1_n100_popSize5446_r5.6e-8 45 100 5446 5.6e-8 4.1e-7 16478 10.0508 0.00223286 36.7931 1 0 1 1e-3 0.2 0.00e+00 0.00e+00 0.00e+00
1 scenario1_n100_popSize5446_r5.6e-8 46 100 5446 5.6e-8 4.1e-7 16478 10.0508 0.00223286 36.7931 1 0 1 1e-3 0.2 0.00e+00 0.00e+00 4.55e-30
1 scenario1_n100_popSize5446_r5.6e-8 47 100 5446 5.6e-8 4.1e-7 16478 10.0508 0.00223286 36.7931 1 0 1 1e-3 0.2 0.00e+00 0.00e+00 0.00e+00
1 scenario1_n100_popSize5446_r5.6e-8 48 100 5446 5.6e-8 4.1e-7 16478 10.0508 0.00223286 36.7931 1 0 1 1e-3 0.2 0.00e+00 0.00e+00 6.22e-10
1 scenario1_n100_popSize5446_r5.6e-8 49 100 5446 5.6e-8 4.1e-7 16478 10.0508 0.00223286 36.7931 1 0 1 1e-3 0.2 0.00e+00 0.00e+00 6.78e-21
1 scenario1_n100_popSize5446_r5.6e-8 50 100 5446 5.6e-8 4.1e-7 16478 10.0508 0.00223286 36.7931 1 0 1 1e-3 0.2 0.00e+00 0.00e+00 0.00e+00
1 scenario1_n100_popSize5446_r5.6e-8 51 100 5446 5.6e-8 4.1e-7 16478 10.0508 0.00223286 36.7931 1 0 1 1e-3 0.2 0.00e+00 0.00e+00 1.32e-12
1 scenario1_n100_popSize5446_r5.6e-8 52 100 5446 5.6e-8 4.1e-7 16478 10.0508 0.00223286 36.7931 1 0 1 1e-3 0.2 0.00e+00 0.00e+00 1.65e-09
1 scenario1_n100_popSize5446_r5.6e-8 53 100 5446 5.6e-8 4.1e-7 16478 10.0508 0.00223286 36.7931 1 0 1 1e-3 0.2 0.00e+00 0.00e+00 0.00e+00
1 scenario1_n100_popSize5446_r5.6e-8 54 100 5446 5.6e-8 4.1e-7 16478 10.0508 0.00223286 36.7931 1 0 1 1e-3 0.2 0.00e+00 0.00e+00 6.35e-17
1 scenario1_n100_popSize5446_r5.6e-8 55 100 5446 5.6e-8 4.1e-7 16478 10.0508 0.00223286 36.7931 1 0 1 1e-3 0.2 0.00e+00 0.00e+00 0.00e+00
1 scenario1_n100_popSize5446_r5.6e-8 56 100 5446 5.6e-8 4.1e-7 16478 10.0508 0.00223286 36.7931 1 0 1 1e-3 0.2 0.00e+00 0.00e+00 0.00e+00
1 scenario1_n100_popSize5446_r5.6e-8 57 100 5446 5.6e-8 4.1e-7 16478 10.0508 0.00223286 36.7931 1 0 1 1e-3 0.2 0.00e+00 0.00e+00 0.00e+00
1 scenario1_n100_popSize5446_r5.6e-8 58 100 5446 5.6e-8 4.1e-7 16478 10.0508 0.00223286 36.7931 1 0 1 1e-3 0.2 0.00e+00 0.00e+00 1.52e-27
1 scenario1_n100_popSize5446_r5.6e-8 59 100 5446 5.6e-8 4.1e-7 16478 10.0508 0.00223286 36.7931 1 0 1 1e-3 0.2 0.00e+00 0.00e+00 1.50e-26
1 scenario1_n100_popSize5446_r5.6e-8 60 100 5446 5.6e-8 4.1e-7 16478 10.0508 0.00223286 36.7931 1 0 1 1e-3 0.2 0.00e+00 0.00e+00 0.00e+00
1 scenario1_n100_popSize5446_r5.6e-8 61 100 5446 5.6e-8 4.1e-7 16478 10.0508 0.00223286 36.7931 1 0 1 1e-3 0.2 0.00e+00 0.00e+00 4.13e-19
1 scenario1_n100_popSize5446_r5.6e-8 62 100 5446 5.6e-8 4.1e-7 16478 10.0508 0.00223286 36.7931 1 0 1 1e-3 0.2 0.00e+00 0.00e+00 0.00e+00
1 scenario1_n100_popSize5446_r5.6e-8 63 100 5446 5.6e-8 4.1e-7 16478 10.0508 0.00223286 36.7931 1 0 1 1e-3 0.2 0.00e+00 0.00e+00 1.77e-35
1 scenario1_n100_popSize5446_r5.6e-8 64 100 5446 5.6e-8 4.1e-7 16478 10.0508 0.00223286 36.7931 1 0 1 1e-3 0.2 0.00e+00 0.00e+00 0.00e+00
1 scenario1_n100_popSize5446_r5.6e-8 65 100 5446 5.6e-8 4.1e-7 16478 10.0508 0.00223286 36.7931 1 0 1 1e-3 0.2 0.00e+00 0.00e+00 1.99e-12
1 scenario1_n100_popSize5446_r5.6e-8 66 100 5446 5.6e-8 4.1e-7 16478 10.0508 0.00223286 36.7931 1 0 1 1e-3 0.2 0.00e+00 0.00e+00 2.11e-16
1 scenario1_n100_popSize5446_r5.6e-8 67 100 5446 5.6e-8 4.1e-7 16478 10.0508 0.00223286 36.7931 1 0 1 1e-3 0.2 0.00e+00 0.00e+00 2.48e-31
1 scenario1_n100_popSize5446_r5.6e-8 68 100 5446 5.6e-8 4.1e-7 16478 10.0508 0.00223286 36.7931 1 0 1 1e-3 0.2 0.00e+00 0.00e+00 1.00e-27
1 scenario1_n100_popSize5446_r5.6e-8 69 100 5446 5.6e-8 4.1e-7 16478 10.0508 0.00223286 36.7931 1 0 1 1e-3 0.2 0.00e+00 0.00e+00 0.00e+00
1 scenario1_n100_popSize5446_r5.6e-8 70 100 5446 5.6e-8 4.1e-7 16478 10.0508 0.00223286 36.7931 1 0 1 1e-3 0.2 0.00e+00 0.00e+00 2.11e-35
1 scenario1_n100_popSize5446_r5.6e-8 71 100 5446 5.6e-8 4.1e-7 16478 10.0508 0.00223286 36.7931 1 0 1 1e-3 0.2 0.00e+00 0.00e+00 2.29e-11
1 scenario1_n100_popSize5446_r5.6e-8 72 100 5446 5.6e-8 4.1e-7 16478 10.0508 0.00223286 36.7931 1 0 1 1e-3 0.2 0.00e+00 0.00e+00 2.19e-26
1 scenario1_n100_popSize5446_r5.6e-8 73 100 5446 5.6e-8 4.1e-7 16478 10.0508 0.00223286 36.7931 1 0 1 1e-3 0.2 0.00e+00 0.00e+00 0.00e+00
1 scenario1_n100_popSize5446_r5.6e-8 74 100 5446 5.6e-8 4.1e-7 16478 10.0508 0.00223286 36.7931 1 0 1 1e-3 0.2 0.00e+00 0.00e+00 8.33e-27
1 scenario1_n100_popSize5446_r5.6e-8 75 100 5446 5.6e-8 4.1e-7 16478 10.0508 0.00223286 36.7931 1 0 1 1e-3 0.2 0.00e+00 0.00e+00 4.47e-35
1 scenario1_n100_popSize5446_r5.6e-8 76 100 5446 5.6e-8 4.1e-7 16478 10.0508 0.00223286 36.7931 1 0 1 1e-3 0.2 0.00e+00 0.00e+00 5.60e-22
1 scenario1_n100_popSize5446_r5.6e-8 77 100 5446 5.6e-8 4.1e-7 16478 10.0508 0.00223286 36.7931 1 0 1 1e-3 0.2 0.00e+00 0.00e+00 3.77e-35
1 scenario1_n100_popSize5446_r5.6e-8 78 100 5446 5.6e-8 4.1e-7 16478 10.0508 0.00223286 36.7931 1 0 1 1e-3 0.2 0.00e+00 0.00e+00 0.00e+00
1 scenario1_n100_popSize5446_r5.6e-8 79 100 5446 5.6e-8 4.1e-7 16478 10.0508 0.00223286 36.7931 1 0 1 1e-3 0.2 0.00e+00 0.00e+00 0.00e+00
1 scenario1_n100_popSize5446_r5.6e-8 80 100 5446 5.6e-8 4.1e-7 16478 10.0508 0.00223286 36.7931 1 0 1 1e-3 0.2 0.00e+00 0.00e+00 2.97e-30
1 scenario1_n100_popSize5446_r5.6e-8 81 100 5446 5.6e-8 4.1e-7 16478 10.0508 0.00223286 36.7931 1 0 1 1e-3 0.2 0.00e+00 0.00e+00 0.00e+00
1 scenario1_n100_popSize5446_r5.6e-8 82 100 5446 5.6e-8 4.1e-7 16478 10.0508 0.00223286 36.7931 1 0 1 1e-3 0.2 0.00e+00 0.00e+00 0.00e+00
1 scenario1_n100_popSize5446_r5.6e-8 83 100 5446 5.6e-8 4.1e-7 16478 10.0508 0.00223286 36.7931 1 0 1 1e-3 0.2 0.00e+00 0.00e+00 0.00e+00
1 scenario1_n100_popSize5446_r5.6e-8 84 100 5446 5.6e-8 4.1e-7 16478 10.0508 0.00223286 36.7931 1 0 1 1e-3 0.2 0.00e+00 0.00e+00 0.00e+00
1 scenario1_n100_popSize5446_r5.6e-8 85 100 5446 5.6e-8 4.1e-7 16478 10.0508 0.00223286 36.7931 1 0 1 1e-3 0.2 0.00e+00 0.00e+00 1.73e-25
1 scenario1_n100_popSize5446_r5.6e-8 86 100 5446 5.6e-8 4.1e-7 16478 10.0508 0.00223286 36.7931 1 0 1 1e-3 0.2 0.00e+00 0.00e+00 8.57e-08
1 scenario1_n100_popSize5446_r5.6e-8 87 100 5446 5.6e-8 4.1e-7 16478 10.0508 0.00223286 36.7931 1 0 1 1e-3 0.2 0.00e+00 0.00e+00 0.00e+00
1 scenario1_n100_popSize5446_r5.6e-8 88 100 5446 5.6e-8 4.1e-7 16478 10.0508 0.00223286 36.7931 1 0 1 1e-3 0.2 0.00e+00 0.00e+00 1.60e-36
1 scenario1_n100_popSize5446_r5.6e-8 89 100 5446 5.6e-8 4.1e-7 16478 10.0508 0.00223286 36.7931 1 0 1 1e-3 0.2 0.00e+00 0.00e+00 0.00e+00
1 scenario1_n100_popSize5446_r5.6e-8 90 100 5446 5.6e-8 4.1e-7 16478 10.0508 0.00223286 36.7931 1 0 1 1e-3 0.2 0.00e+00 0.00e+00 2.53e-22
1 scenario1_n100_popSize5446_r5.6e-8 91 100 5446 5.6e-8 4.1e-7 16478 10.0508 0.00223286 36.7931 1 0 1 1e-3 0.2 1.10e-02 0.00e+00 1.35e-08
1 scenario1_n100_popSize5446_r5.6e-8 92 100 5446 5.6e-8 4.1e-7 16478 10.0508 0.00223286 36.7931 1 0 1 1e-3 0.2 0.00e+00 0.00e+00 0.00e+00
1 scenario1_n100_popSize5446_r5.6e-8 93 100 5446 5.6e-8 4.1e-7 16478 10.0508 0.00223286 36.7931 1 0 1 1e-3 0.2 0.00e+00 0.00e+00 0.00e+00
1 scenario1_n100_popSize5446_r5.6e-8 94 100 5446 5.6e-8 4.1e-7 16478 10.0508 0.00223286 36.7931 1 0 1 1e-3 0.2 0.00e+00 0.00e+00 2.15e-29
1 scenario1_n100_popSize5446_r5.6e-8 95 100 5446 5.6e-8 4.1e-7 16478 10.0508 0.00223286 36.7931 1 0 1 1e-3 0.2 0.00e+00 0.00e+00 1.62e-30
1 scenario1_n100_popSize5446_r5.6e-8 96 100 5446 5.6e-8 4.1e-7 16478 10.0508 0.00223286 36.7931 1 0 1 1e-3 0.2 0.00e+00 0.00e+00 2.22e-21
1 scenario1_n100_popSize5446_r5.6e-8 97 100 5446 5.6e-8 4.1e-7 16478 10.0508 0.00223286 36.7931 1 0 1 1e-3 0.2 0.00e+00 0.00e+00 1.99e-29
1 scenario1_n100_popSize5446_r5.6e-8 98 100 5446 5.6e-8 4.1e-7 16478 10.0508 0.00223286 36.7931 1 0 1 1e-3 0.2 0.00e+00 0.00e+00 0.00e+00
1 scenario1_n100_popSize5446_r5.6e-8 99 100 5446 5.6e-8 4.1e-7 16478 10.0508 0.00223286 36.7931 1 0 1 1e-3 0.2 0.00e+00 0.00e+00 0.00e+00
1 scenario1_n100_popSize5446_r5.6e-8 100 100 5446 5.6e-8 4.1e-7 16478 10.0508 0.00223286 36.7931 1 0 1 1e-3 0.2 0.00e+00 0.00e+00 0.00e+00
