scenarioType simulation numSimulation numSequences popSize recRate mutRate length rho thetaRate theta status invSites jukesCantor popGrowth alphaShape pValNSS pValMaxChi pValPHI
2 scenario2_n100_popSize5446_r6.7e-8 1 100 5446 6.7e-8 4.1e-7 16478 12.0251 0.00223286 36.7931 1 0 1 1e-3 0.2 0.00e+00 0.00e+00 2.50e-27
2 scenario2_n100_popSize5446_r6.7e-8 2 100 5446 6.7e-8 4.1e-7 16478 12.0251 0.00223286 36.7931 1 0 1 1e-3 0.2 0.00e+00 0.00e+00 2.28e-13
2 scenario2_n100_popSize5446_r6.7e-8 3 100 5446 6.7e-8 4.1e-7 16478 12.0251 0.00223286 36.7931 1 0 1 1e-3 0.2 0.00e+00 0.00e+00 0.00e+00
2 scenario2_n100_popSize5446_r6.7e-8 4 100 5446 6.7e-8 4.1e-7 16478 12.0251 0.00223286 36.7931 1 0 1 1e-3 0.2 0.00e+00 0.00e+00 7.61e-37
2 scenario2_n100_popSize5446_r6.7e-8 5 100 5446 6.7e-8 4.1e-7 16478 12.0251 0.00223286 36.7931 1 0 1 1e-3 0.2 0.00e+00 0.00e+00 1.52e-11
2 scenario2_n100_popSize5446_r6.7e-8 6 100 5446 6.7e-8 4.1e-7 16478 12.0251 0.00223286 36.7931 1 0 1 1e-3 0.2 2.30e-02 0.00e+00 2.46e-13
2 scenario2_n100_popSize5446_r6.7e-8 7 100 5446 6.7e-8 4.1e-7 16478 12.0251 0.00223286 36.7931 1 0 1 1e-3 0.2 0.00e+00 0.00e+00 6.23e-31
2 scenario2_n100_popSize5446_r6.7e-8 8 100 5446 6.7e-8 4.1e-7 16478 12.0251 0.00223286 36.7931 1 0 1 1e-3 0.2 0.00e+00 0.00e+00 1.19e-20
2 scenario2_n100_popSize5446_r6.7e-8 9 100 5446 6.7e-8 4.1e-7 16478 12.0251 0.00223286 36.7931 1 0 1 1e-3 0.2 0.00e+00 0.00e+00 0.00e+00
2 scenario2_n100_popSize5446_r6.7e-8 10 100 5446 6.7e-8 4.1e-7 16478 12.0251 0.00223286 36.7931 1 0 1 1e-3 0.2 0.00e+00 0.00e+00 3.11e-03
2 scenario2_n100_popSize5446_r6.7e-8 11 100 5446 6.7e-8 4.1e-7 16478 12.0251 0.00223286 36.7931 1 0 1 1e-3 0.2 0.00e+00 0.00e+00 1.78e-16
2 scenario2_n100_popSize5446_r6.7e-8 12 100 5446 6.7e-8 4.1e-7 16478 12.0251 0.00223286 36.7931 1 0 1 1e-3 0.2 0.00e+00 0.00e+00 0.00e+00
2 scenario2_n100_popSize5446_r6.7e-8 13 100 5446 6.7e-8 4.1e-7 16478 12.0251 0.00223286 36.7931 1 0 1 1e-3 0.2 0.00e+00 0.00e+00 6.01e-27
2 scenario2_n100_popSize5446_r6.7e-8 14 100 5446 6.7e-8 4.1e-7 16478 12.0251 0.00223286 36.7931 1 0 1 1e-3 0.2 0.00e+00 0.00e+00 0.00e+00
2 scenario2_n100_popSize5446_r6.7e-8 15 100 5446 6.7e-8 4.1e-7 16478 12.0251 0.00223286 36.7931 1 0 1 1e-3 0.2 0.00e+00 0.00e+00 1.42e-15
2 scenario2_n100_popSize5446_r6.7e-8 16 100 5446 6.7e-8 4.1e-7 16478 12.0251 0.00223286 36.7931 1 0 1 1e-3 0.2 0.00e+00 0.00e+00 7.93e-30
2 scenario2_n100_popSize5446_r6.7e-8 17 100 5446 6.7e-8 4.1e-7 16478 12.0251 0.00223286 36.7931 1 0 1 1e-3 0.2 0.00e+00 0.00e+00 8.37e-25
2 scenario2_n100_popSize5446_r6.7e-8 18 100 5446 6.7e-8 4.1e-7 16478 12.0251 0.00223286 36.7931 1 0 1 1e-3 0.2 0.00e+00 0.00e+00 0.00e+00
2 scenario2_n100_popSize5446_r6.7e-8 19 100 5446 6.7e-8 4.1e-7 16478 12.0251 0.00223286 36.7931 1 0 1 1e-3 0.2 0.00e+00 0.00e+00 0.00e+00
2 scenario2_n100_popSize5446_r6.7e-8 20 100 5446 6.7e-8 4.1e-7 16478 12.0251 0.00223286 36.7931 1 0 1 1e-3 0.2 0.00e+00 0.00e+00 1.36e-26
2 scenario2_n100_popSize5446_r6.7e-8 21 100 5446 6.7e-8 4.1e-7 16478 12.0251 0.00223286 36.7931 1 0 1 1e-3 0.2 0.00e+00 0.00e+00 0.00e+00
2 scenario2_n100_popSize5446_r6.7e-8 22 100 5446 6.7e-8 4.1e-7 16478 12.0251 0.00223286 36.7931 1 0 1 1e-3 0.2 0.00e+00 0.00e+00 0.00e+00
2 scenario2_n100_popSize5446_r6.7e-8 23 100 5446 6.7e-8 4.1e-7 16478 12.0251 0.00223286 36.7931 1 0 1 1e-3 0.2 0.00e+00 0.00e+00 6.82e-26
2 scenario2_n100_popSize5446_r6.7e-8 24 100 5446 6.7e-8 4.1e-7 16478 12.0251 0.00223286 36.7931 1 0 1 1e-3 0.2 0.00e+00 0.00e+00 2.42e-13
2 scenario2_n100_popSize5446_r6.7e-8 25 100 5446 6.7e-8 4.1e-7 16478 12.0251 0.00223286 36.7931 1 0 1 1e-3 0.2 0.00e+00 0.00e+00 1.07e-33
2 scenario2_n100_popSize5446_r6.7e-8 26 100 5446 6.7e-8 4.1e-7 16478 12.0251 0.00223286 36.7931 1 0 1 1e-3 0.2 0.00e+00 0.00e+00 4.84e-08
2 scenario2_n100_popSize5446_r6.7e-8 27 100 5446 6.7e-8 4.1e-7 16478 12.0251 0.00223286 36.7931 1 0 1 1e-3 0.2 0.00e+00 0.00e+00 1.40e-14
2 scenario2_n100_popSize5446_r6.7e-8 28 100 5446 6.7e-8 4.1e-7 16478 12.0251 0.00223286 36.7931 1 0 1 1e-3 0.2 0.00e+00 0.00e+00 3.10e-31
2 scenario2_n100_popSize5446_r6.7e-8 29 100 5446 6.7e-8 4.1e-7 16478 12.0251 0.00223286 36.7931 1 0 1 1e-3 0.2 0.00e+00 0.00e+00 0.00e+00
2 scenario2_n100_popSize5446_r6.7e-8 30 100 5446 6.7e-8 4.1e-7 16478 12.0251 0.00223286 36.7931 1 0 1 1e-3 0.2 0.00e+00 0.00e+00 0.00e+00
2 scenario2_n100_popSize5446_r6.7e-8 31 100 5446 6.7e-8 4.1e-7 16478 12.0251 0.00223286 36.7931 1 0 1 1e-3 0.2 0.00e+00 0.00e+00 0.00e+00
2 scenario2_n100_popSize5446_r6.7e-8 32 100 5446 6.7e-8 4.1e-7 16478 12.0251 0.00223286 36.7931 1 0 1 1e-3 0.2 0.00e+00 0.00e+00 0.00e+00
2 scenario2_n100_popSize5446_r6.7e-8 33 100 5446 6.7e-8 4.1e-7 16478 12.0251 0.00223286 36.7931 1 0 1 1e-3 0.2 0.00e+00 0.00e+00 8.52e-13
2 scenario2_n100_popSize5446_r6.7e-8 34 100 5446 6.7e-8 4.1e-7 16478 12.0251 0.00223286 36.7931 1 0 1 1e-3 0.2 0.00e+00 0.00e+00 1.43e-12
2 scenario2_n100_popSize5446_r6.7e-8 35 100 5446 6.7e-8 4.1e-7 16478 12.0251 0.00223286 36.7931 1 0 1 1e-3 0.2 0.00e+00 0.00e+00 6.14e-35
2 scenario2_n100_popSize5446_r6.7e-8 36 100 5446 6.7e-8 4.1e-7 16478 12.0251 0.00223286 36.7931 1 0 1 1e-3 0.2 0.00e+00 0.00e+00 0.00e+00
2 scenario2_n100_popSize5446_r6.7e-8 37 100 5446 6.7e-8 4.1e-7 16478 12.0251 0.00223286 36.7931 1 0 1 1e-3 0.2 0.00e+00 0.00e+00 0.00e+00
2 scenario2_n100_popSize5446_r6.7e-8 38 100 5446 6.7e-8 4.1e-7 16478 12.0251 0.00223286 36.7931 1 0 1 1e-3 0.2 0.00e+00 0.00e+00 0.00e+00
2 scenario2_n100_popSize5446_r6.7e-8 39 100 5446 6.7e-8 4.1e-7 16478 12.0251 0.00223286 36.7931 1 0 1 1e-3 0.2 0.00e+00 0.00e+00 2.43e-09
2 scenario2_n100_popSize5446_r6.7e-8 40 100 5446 6.7e-8 4.1e-7 16478 12.0251 0.00223286 36.7931 1 0 1 1e-3 0.2 0.00e+00 0.00e+00 1.75e-22
2 scenario2_n100_popSize5446_r6.7e-8 41 100 5446 6.7e-8 4.1e-7 16478 12.0251 0.00223286 36.7931 1 0 1 1e-3 0.2 0.00e+00 0.00e+00 0.00e+00
2 scenario2_n100_popSize5446_r6.7e-8 42 100 5446 6.7e-8 4.1e-7 16478 12.0251 0.00223286 36.7931 1 0 1 1e-3 0.2 0.00e+00 0.00e+00 7.93e-22
2 scenario2_n100_popSize5446_r6.7e-8 43 100 5446 6.7e-8 4.1e-7 16478 12.0251 0.00223286 36.7931 1 0 1 1e-3 0.2 0.00e+00 0.00e+00 2.76e-17
2 scenario2_n100_popSize5446_r6.7e-8 44 100 5446 6.7e-8 4.1e-7 16478 12.0251 0.00223286 36.7931 1 0 1 1e-3 0.2 0.00e+00 0.00e+00 0.00e+00
2 scenario2_n100_popSize5446_r6.7e-8 45 100 5446 6.7e-8 4.1e-7 16478 12.0251 0.00223286 36.7931 1 0 1 1e-3 0.2 0.00e+00 0.00e+00 8.05e-30
2 scenario2_n100_popSize5446_r6.7e-8 46 100 5446 6.7e-8 4.1e-7 16478 12.0251 0.00223286 36.7931 1 0 1 1e-3 0.2 0.00e+00 0.00e+00 2.11e-25
2 scenario2_n100_popSize5446_r6.7e-8 47 100 5446 6.7e-8 4.1e-7 16478 12.0251 0.00223286 36.7931 1 0 1 1e-3 0.2 0.00e+00 0.00e+00 0.00e+00
2 scenario2_n100_popSize5446_r6.7e-8 48 100 5446 6.7e-8 4.1e-7 16478 12.0251 0.00223286 36.7931 1 0 1 1e-3 0.2 0.00e+00 0.00e+00 0.00e+00
2 scenario2_n100_popSize5446_r6.7e-8 49 100 5446 6.7e-8 4.1e-7 16478 12.0251 0.00223286 36.7931 1 0 1 1e-3 0.2 0.00e+00 0.00e+00 0.00e+00
2 scenario2_n100_popSize5446_r6.7e-8 50 100 5446 6.7e-8 4.1e-7 16478 12.0251 0.00223286 36.7931 1 0 1 1e-3 0.2 0.00e+00 0.00e+00 2.69e-08
2 scenario2_n100_popSize5446_r6.7e-8 51 100 5446 6.7e-8 4.1e-7 16478 12.0251 0.00223286 36.7931 1 0 1 1e-3 0.2 0.00e+00 0.00e+00 3.79e-26
2 scenario2_n100_popSize5446_r6.7e-8 52 100 5446 6.7e-8 4.1e-7 16478 12.0251 0.00223286 36.7931 1 0 1 1e-3 0.2 0.00e+00 0.00e+00 2.10e-21
2 scenario2_n100_popSize5446_r6.7e-8 53 100 5446 6.7e-8 4.1e-7 16478 12.0251 0.00223286 36.7931 1 0 1 1e-3 0.2 0.00e+00 0.00e+00 4.83e-15
2 scenario2_n100_popSize5446_r6.7e-8 54 100 5446 6.7e-8 4.1e-7 16478 12.0251 0.00223286 36.7931 1 0 1 1e-3 0.2 0.00e+00 0.00e+00 2.41e-23
2 scenario2_n100_popSize5446_r6.7e-8 55 100 5446 6.7e-8 4.1e-7 16478 12.0251 0.00223286 36.7931 1 0 1 1e-3 0.2 0.00e+00 0.00e+00 0.00e+00
2 scenario2_n100_popSize5446_r6.7e-8 56 100 5446 6.7e-8 4.1e-7 16478 12.0251 0.00223286 36.7931 1 0 1 1e-3 0.2 0.00e+00 0.00e+00 3.52e-16
2 scenario2_n100_popSize5446_r6.7e-8 57 100 5446 6.7e-8 4.1e-7 16478 12.0251 0.00223286 36.7931 1 0 1 1e-3 0.2 0.00e+00 0.00e+00 0.00e+00
2 scenario2_n100_popSize5446_r6.7e-8 58 100 5446 6.7e-8 4.1e-7 16478 12.0251 0.00223286 36.7931 1 0 1 1e-3 0.2 0.00e+00 0.00e+00 0.00e+00
2 scenario2_n100_popSize5446_r6.7e-8 59 100 5446 6.7e-8 4.1e-7 16478 12.0251 0.00223286 36.7931 1 0 1 1e-3 0.2 0.00e+00 0.00e+00 2.72e-22
2 scenario2_n100_popSize5446_r6.7e-8 60 100 5446 6.7e-8 4.1e-7 16478 12.0251 0.00223286 36.7931 1 0 1 1e-3 0.2 0.00e+00 0.00e+00 0.00e+00
2 scenario2_n100_popSize5446_r6.7e-8 61 100 5446 6.7e-8 4.1e-7 16478 12.0251 0.00223286 36.7931 1 0 1 1e-3 0.2 0.00e+00 0.00e+00 2.80e-05
2 scenario2_n100_popSize5446_r6.7e-8 62 100 5446 6.7e-8 4.1e-7 16478 12.0251 0.00223286 36.7931 1 0 1 1e-3 0.2 0.00e+00 0.00e+00 2.87e-17
2 scenario2_n100_popSize5446_r6.7e-8 63 100 5446 6.7e-8 4.1e-7 16478 12.0251 0.00223286 36.7931 1 0 1 1e-3 0.2 0.00e+00 0.00e+00 1.17e-26
2 scenario2_n100_popSize5446_r6.7e-8 64 100 5446 6.7e-8 4.1e-7 16478 12.0251 0.00223286 36.7931 1 0 1 1e-3 0.2 0.00e+00 0.00e+00 0.00e+00
2 scenario2_n100_popSize5446_r6.7e-8 65 100 5446 6.7e-8 4.1e-7 16478 12.0251 0.00223286 36.7931 1 0 1 1e-3 0.2 0.00e+00 0.00e+00 1.90e-09
2 scenario2_n100_popSize5446_r6.7e-8 66 100 5446 6.7e-8 4.1e-7 16478 12.0251 0.00223286 36.7931 1 0 1 1e-3 0.2 0.00e+00 0.00e+00 7.52e-20
2 scenario2_n100_popSize5446_r6.7e-8 67 100 5446 6.7e-8 4.1e-7 16478 12.0251 0.00223286 36.7931 1 0 1 1e-3 0.2 0.00e+00 0.00e+00 0.00e+00
2 scenario2_n100_popSize5446_r6.7e-8 68 100 5446 6.7e-8 4.1e-7 16478 12.0251 0.00223286 36.7931 1 0 1 1e-3 0.2 0.00e+00 0.00e+00 3.82e-22
2 scenario2_n100_popSize5446_r6.7e-8 69 100 5446 6.7e-8 4.1e-7 16478 12.0251 0.00223286 36.7931 1 0 1 1e-3 0.2 0.00e+00 0.00e+00 0.00e+00
2 scenario2_n100_popSize5446_r6.7e-8 70 100 5446 6.7e-8 4.1e-7 16478 12.0251 0.00223286 36.7931 1 0 1 1e-3 0.2 0.00e+00 0.00e+00 0.00e+00
2 scenario2_n100_popSize5446_r6.7e-8 71 100 5446 6.7e-8 4.1e-7 16478 12.0251 0.00223286 36.7931 1 0 1 1e-3 0.2 0.00e+00 0.00e+00 0.00e+00
2 scenario2_n100_popSize5446_r6.7e-8 72 100 5446 6.7e-8 4.1e-7 16478 12.0251 0.00223286 36.7931 1 0 1 1e-3 0.2 0.00e+00 0.00e+00 1.38e-11
2 scenario2_n100_popSize5446_r6.7e-8 73 100 5446 6.7e-8 4.1e-7 16478 12.0251 0.00223286 36.7931 1 0 1 1e-3 0.2 0.00e+00 0.00e+00 8.01e-31
2 scenario2_n100_popSize5446_r6.7e-8 74 100 5446 6.7e-8 4.1e-7 16478 12.0251 0.00223286 36.7931 1 0 1 1e-3 0.2 0.00e+00 0.00e+00 0.00e+00
2 scenario2_n100_popSize5446_r6.7e-8 75 100 5446 6.7e-8 4.1e-7 16478 12.0251 0.00223286 36.7931 1 0 1 1e-3 0.2 0.00e+00 0.00e+00 0.00e+00
2 scenario2_n100_popSize5446_r6.7e-8 76 100 5446 6.7e-8 4.1e-7 16478 12.0251 0.00223286 36.7931 1 0 1 1e-3 0.2 0.00e+00 0.00e+00 0.00e+00
2 scenario2_n100_popSize5446_r6.7e-8 77 100 5446 6.7e-8 4.1e-7 16478 12.0251 0.00223286 36.7931 1 0 1 1e-3 0.2 0.00e+00 0.00e+00 0.00e+00
2 scenario2_n100_popSize5446_r6.7e-8 78 100 5446 6.7e-8 4.1e-7 16478 12.0251 0.00223286 36.7931 1 0 1 1e-3 0.2 2.00e-03 0.00e+00 3.57e-04
2 scenario2_n100_popSize5446_r6.7e-8 79 100 5446 6.7e-8 4.1e-7 16478 12.0251 0.00223286 36.7931 1 0 1 1e-3 0.2 0.00e+00 0.00e+00 1.37e-25
2 scenario2_n100_popSize5446_r6.7e-8 80 100 5446 6.7e-8 4.1e-7 16478 12.0251 0.00223286 36.7931 1 0 1 1e-3 0.2 0.00e+00 0.00e+00 0.00e+00
2 scenario2_n100_popSize5446_r6.7e-8 81 100 5446 6.7e-8 4.1e-7 16478 12.0251 0.00223286 36.7931 1 0 1 1e-3 0.2 0.00e+00 0.00e+00 6.22e-36
2 scenario2_n100_popSize5446_r6.7e-8 82 100 5446 6.7e-8 4.1e-7 16478 12.0251 0.00223286 36.7931 1 0 1 1e-3 0.2 0.00e+00 0.00e+00 0.00e+00
2 scenario2_n100_popSize5446_r6.7e-8 83 100 5446 6.7e-8 4.1e-7 16478 12.0251 0.00223286 36.7931 1 0 1 1e-3 0.2 0.00e+00 0.00e+00 0.00e+00
2 scenario2_n100_popSize5446_r6.7e-8 84 100 5446 6.7e-8 4.1e-7 16478 12.0251 0.00223286 36.7931 1 0 1 1e-3 0.2 0.00e+00 0.00e+00 0.00e+00
2 scenario2_n100_popSize5446_r6.7e-8 85 100 5446 6.7e-8 4.1e-7 16478 12.0251 0.00223286 36.7931 1 0 1 1e-3 0.2 0.00e+00 0.00e+00 2.90e-25
2 scenario2_n100_popSize5446_r6.7e-8 86 100 5446 6.7e-8 4.1e-7 16478 12.0251 0.00223286 36.7931 1 0 1 1e-3 0.2 0.00e+00 0.00e+00 7.59e-21
2 scenario2_n100_popSize5446_r6.7e-8 87 100 5446 6.7e-8 4.1e-7 16478 12.0251 0.00223286 36.7931 1 0 1 1e-3 0.2 0.00e+00 0.00e+00 2.46e-11
2 scenario2_n100_popSize5446_r6.7e-8 88 100 5446 6.7e-8 4.1e-7 16478 12.0251 0.00223286 36.7931 1 0 1 1e-3 0.2 0.00e+00 0.00e+00 1.09e-19
2 scenario2_n100_popSize5446_r6.7e-8 89 100 5446 6.7e-8 4.1e-7 16478 12.0251 0.00223286 36.7931 1 0 1 1e-3 0.2 0.00e+00 0.00e+00 0.00e+00
2 scenario2_n100_popSize5446_r6.7e-8 90 100 5446 6.7e-8 4.1e-7 16478 12.0251 0.00223286 36.7931 1 0 1 1e-3 0.2 0.00e+00 0.00e+00 1.57e-23
2 scenario2_n100_popSize5446_r6.7e-8 91 100 5446 6.7e-8 4.1e-7 16478 12.0251 0.00223286 36.7931 1 0 1 1e-3 0.2 0.00e+00 0.00e+00 0.00e+00
2 scenario2_n100_popSize5446_r6.7e-8 92 100 5446 6.7e-8 4.1e-7 16478 12.0251 0.00223286 36.7931 1 0 1 1e-3 0.2 0.00e+00 0.00e+00 0.00e+00
2 scenario2_n100_popSize5446_r6.7e-8 93 100 5446 6.7e-8 4.1e-7 16478 12.0251 0.00223286 36.7931 1 0 1 1e-3 0.2 0.00e+00 0.00e+00 9.21e-23
2 scenario2_n100_popSize5446_r6.7e-8 94 100 5446 6.7e-8 4.1e-7 16478 12.0251 0.00223286 36.7931 1 0 1 1e-3 0.2 0.00e+00 0.00e+00 0.00e+00
2 scenario2_n100_popSize5446_r6.7e-8 95 100 5446 6.7e-8 4.1e-7 16478 12.0251 0.00223286 36.7931 1 0 1 1e-3 0.2 0.00e+00 0.00e+00 0.00e+00
2 scenario2_n100_popSize5446_r6.7e-8 96 100 5446 6.7e-8 4.1e-7 16478 12.0251 0.00223286 36.7931 1 0 1 1e-3 0.2 0.00e+00 0.00e+00 0.00e+00
2 scenario2_n100_popSize5446_r6.7e-8 97 100 5446 6.7e-8 4.1e-7 16478 12.0251 0.00223286 36.7931 1 0 1 1e-3 0.2 0.00e+00 0.00e+00 0.00e+00
2 scenario2_n100_popSize5446_r6.7e-8 98 100 5446 6.7e-8 4.1e-7 16478 12.0251 0.00223286 36.7931 1 0 1 1e-3 0.2 0.00e+00 0.00e+00 0.00e+00
2 scenario2_n100_popSize5446_r6.7e-8 99 100 5446 6.7e-8 4.1e-7 16478 12.0251 0.00223286 36.7931 1 0 1 1e-3 0.2 0.00e+00 0.00e+00 1.20e-16
2 scenario2_n100_popSize5446_r6.7e-8 100 100 5446 6.7e-8 4.1e-7 16478 12.0251 0.00223286 36.7931 1 0 1 1e-3 0.2 0.00e+00 0.00e+00 8.92e-28
