scenarioType simulation numSimulation numSequences popSize recRate mutRate length rho thetaRate theta status invSites jukesCantor popGrowth alphaShape pValNSS pValMaxChi pValPHI
3 scenario3_n33_popSize1370_r2.9e-7 1 33 1370 2.9e-7 5e-7 6854 5.44619 0.000685 4.69499 1 0 1 1e-3 0.2 1.79e-01 9.30e-01 5.27e-01
3 scenario3_n33_popSize1370_r2.9e-7 2 33 1370 2.9e-7 5e-7 6854 5.44619 0.000685 4.69499 1 0 1 1e-3 0.2 1.00e+00 6.98e-01 1.00e+00
3 scenario3_n33_popSize1370_r2.9e-7 3 33 1370 2.9e-7 5e-7 6854 5.44619 0.000685 4.69499 1 0 1 1e-3 0.2 1.00e+00 9.70e-01 1.00e+00
3 scenario3_n33_popSize1370_r2.9e-7 4 33 1370 2.9e-7 5e-7 6854 5.44619 0.000685 4.69499 1 0 1 1e-3 0.2 3.50e-02 8.70e-01 1.90e-01
3 scenario3_n33_popSize1370_r2.9e-7 5 33 1370 2.9e-7 5e-7 6854 5.44619 0.000685 4.69499 1 0 1 1e-3 0.2 1.00e+00 7.12e-01 1.00e+00
3 scenario3_n33_popSize1370_r2.9e-7 6 33 1370 2.9e-7 5e-7 6854 5.44619 0.000685 4.69499 1 0 1 1e-3 0.2 1.00e+00 7.53e-01 1.00e+00
3 scenario3_n33_popSize1370_r2.9e-7 7 33 1370 2.9e-7 5e-7 6854 5.44619 0.000685 4.69499 1 0 1 1e-3 0.2 4.69e-01 2.09e-01 7.65e-03
3 scenario3_n33_popSize1370_r2.9e-7 8 33 1370 2.9e-7 5e-7 6854 5.44619 0.000685 4.69499 1 0 1 1e-3 0.2 3.50e-01 5.73e-01 3.27e-01
3 scenario3_n33_popSize1370_r2.9e-7 9 33 1370 2.9e-7 5e-7 6854 5.44619 0.000685 4.69499 1 0 1 1e-3 0.2 9.48e-01 5.72e-01 2.85e-01
3 scenario3_n33_popSize1370_r2.9e-7 10 33 1370 2.9e-7 5e-7 6854 5.44619 0.000685 4.69499 1 0 1 1e-3 0.2 3.27e-01 7.42e-01 2.82e-01
3 scenario3_n33_popSize1370_r2.9e-7 11 33 1370 2.9e-7 5e-7 6854 5.44619 0.000685 4.69499 1 0 1 1e-3 0.2 5.10e-02 4.61e-01 2.06e-01
3 scenario3_n33_popSize1370_r2.9e-7 12 33 1370 2.9e-7 5e-7 6854 5.44619 0.000685 4.69499 1 0 1 1e-3 0.2 1.00e+00 6.00e-03 1.00e+00
3 scenario3_n33_popSize1370_r2.9e-7 13 33 1370 2.9e-7 5e-7 6854 5.44619 0.000685 4.69499 1 0 1 1e-3 0.2 6.00e-03 5.61e-01 3.17e-01
3 scenario3_n33_popSize1370_r2.9e-7 14 33 1370 2.9e-7 5e-7 6854 5.44619 0.000685 4.69499 1 0 1 1e-3 0.2 1.00e-03 3.06e-01 1.92e-01
3 scenario3_n33_popSize1370_r2.9e-7 15 33 1370 2.9e-7 5e-7 6854 5.44619 0.000685 4.69499 1 0 1 1e-3 0.2 1.00e+00 9.82e-01 1.00e+00
3 scenario3_n33_popSize1370_r2.9e-7 16 33 1370 2.9e-7 5e-7 6854 5.44619 0.000685 4.69499 1 0 1 1e-3 0.2 1.00e+00 4.80e-02 1.00e+00
3 scenario3_n33_popSize1370_r2.9e-7 17 33 1370 2.9e-7 5e-7 6854 5.44619 0.000685 4.69499 1 0 1 1e-3 0.2 2.72e-01 6.39e-01 3.53e-01
3 scenario3_n33_popSize1370_r2.9e-7 18 33 1370 2.9e-7 5e-7 6854 5.44619 0.000685 4.69499 1 0 1 1e-3 0.2 3.00e-03 2.20e-02 8.20e-02
3 scenario3_n33_popSize1370_r2.9e-7 19 33 1370 2.9e-7 5e-7 6854 5.44619 0.000685 4.69499 1 0 1 1e-3 0.2 1.00e+00 9.56e-01 1.00e+00
3 scenario3_n33_popSize1370_r2.9e-7 20 33 1370 2.9e-7 5e-7 6854 5.44619 0.000685 4.69499 1 0 1 1e-3 0.2 1.00e+00 9.64e-01 1.00e+00
3 scenario3_n33_popSize1370_r2.9e-7 21 33 1370 2.9e-7 5e-7 6854 5.44619 0.000685 4.69499 1 0 1 1e-3 0.2 5.38e-01 1.61e-01 1.50e-01
3 scenario3_n33_popSize1370_r2.9e-7 22 33 1370 2.9e-7 5e-7 6854 5.44619 0.000685 4.69499 1 0 1 1e-3 0.2 3.74e-01 5.04e-01 2.28e-02
3 scenario3_n33_popSize1370_r2.9e-7 23 33 1370 2.9e-7 5e-7 6854 5.44619 0.000685 4.69499 1 0 1 1e-3 0.2 2.08e-01 5.07e-01 5.00e-01
3 scenario3_n33_popSize1370_r2.9e-7 24 33 1370 2.9e-7 5e-7 6854 5.44619 0.000685 4.69499 1 0 1 1e-3 0.2 5.10e-02 1.55e-01 8.72e-03
3 scenario3_n33_popSize1370_r2.9e-7 25 33 1370 2.9e-7 5e-7 6854 5.44619 0.000685 4.69499 1 0 1 1e-3 0.2 6.70e-02 7.63e-01 2.21e-01
3 scenario3_n33_popSize1370_r2.9e-7 26 33 1370 2.9e-7 5e-7 6854 5.44619 0.000685 4.69499 1 0 1 1e-3 0.2 1.00e+00 3.49e-01 1.00e+00
3 scenario3_n33_popSize1370_r2.9e-7 27 33 1370 2.9e-7 5e-7 6854 5.44619 0.000685 4.69499 1 0 1 1e-3 0.2 2.07e-01 3.95e-01 3.03e-01
3 scenario3_n33_popSize1370_r2.9e-7 28 33 1370 2.9e-7 5e-7 6854 5.44619 0.000685 4.69499 1 0 1 1e-3 0.2 1.00e+00 1.96e-01 1.00e+00
3 scenario3_n33_popSize1370_r2.9e-7 29 33 1370 2.9e-7 5e-7 6854 5.44619 0.000685 4.69499 1 0 1 1e-3 0.2 1.00e+00 9.04e-01 1.00e+00
3 scenario3_n33_popSize1370_r2.9e-7 30 33 1370 2.9e-7 5e-7 6854 5.44619 0.000685 4.69499 1 0 1 1e-3 0.2 4.00e-03 3.25e-01 1.03e-01
3 scenario3_n33_popSize1370_r2.9e-7 31 33 1370 2.9e-7 5e-7 6854 5.44619 0.000685 4.69499 1 0 1 1e-3 0.2 1.25e-01 2.37e-01 3.48e-02
3 scenario3_n33_popSize1370_r2.9e-7 32 33 1370 2.9e-7 5e-7 6854 5.44619 0.000685 4.69499 1 0 1 1e-3 0.2 3.78e-01 9.97e-01 1.44e-01
3 scenario3_n33_popSize1370_r2.9e-7 33 33 1370 2.9e-7 5e-7 6854 5.44619 0.000685 4.69499 1 0 1 1e-3 0.2 2.24e-01 4.37e-01 3.03e-01
3 scenario3_n33_popSize1370_r2.9e-7 34 33 1370 2.9e-7 5e-7 6854 5.44619 0.000685 4.69499 1 0 1 1e-3 0.2 5.64e-01 2.02e-01 9.01e-02
3 scenario3_n33_popSize1370_r2.9e-7 35 33 1370 2.9e-7 5e-7 6854 5.44619 0.000685 4.69499 1 0 1 1e-3 0.2 0.00e+00 7.30e-02 5.72e-03
3 scenario3_n33_popSize1370_r2.9e-7 36 33 1370 2.9e-7 5e-7 6854 5.44619 0.000685 4.69499 1 0 1 1e-3 0.2 4.10e-01 4.15e-01 5.26e-01
3 scenario3_n33_popSize1370_r2.9e-7 37 33 1370 2.9e-7 5e-7 6854 5.44619 0.000685 4.69499 1 0 1 1e-3 0.2 1.30e-02 1.58e-01 3.35e-02
3 scenario3_n33_popSize1370_r2.9e-7 38 33 1370 2.9e-7 5e-7 6854 5.44619 0.000685 4.69499 1 0 1 1e-3 0.2 1.00e+00 9.36e-01 1.00e+00
3 scenario3_n33_popSize1370_r2.9e-7 39 33 1370 2.9e-7 5e-7 6854 5.44619 0.000685 4.69499 1 0 1 1e-3 0.2 2.00e-02 4.95e-01 3.14e-02
3 scenario3_n33_popSize1370_r2.9e-7 40 33 1370 2.9e-7 5e-7 6854 5.44619 0.000685 4.69499 1 0 1 1e-3 0.2 0.00e+00 1.50e-02 6.12e-01
3 scenario3_n33_popSize1370_r2.9e-7 41 33 1370 2.9e-7 5e-7 6854 5.44619 0.000685 4.69499 1 0 1 1e-3 0.2 4.33e-01 3.43e-01 2.48e-01
3 scenario3_n33_popSize1370_r2.9e-7 42 33 1370 2.9e-7 5e-7 6854 5.44619 0.000685 4.69499 1 0 1 1e-3 0.2 9.65e-01 5.04e-01 1.40e-01
3 scenario3_n33_popSize1370_r2.9e-7 43 33 1370 2.9e-7 5e-7 6854 5.44619 0.000685 4.69499 1 0 1 1e-3 0.2 6.40e-02 7.09e-01 3.77e-02
3 scenario3_n33_popSize1370_r2.9e-7 44 33 1370 2.9e-7 5e-7 6854 5.44619 0.000685 4.69499 1 0 1 1e-3 0.2 5.60e-02 5.43e-01 6.01e-02
3 scenario3_n33_popSize1370_r2.9e-7 45 33 1370 2.9e-7 5e-7 6854 5.44619 0.000685 4.69499 1 0 1 1e-3 0.2 2.20e-02 6.44e-01 1.49e-01
3 scenario3_n33_popSize1370_r2.9e-7 46 33 1370 2.9e-7 5e-7 6854 5.44619 0.000685 4.69499 1 0 1 1e-3 0.2 9.40e-02 4.66e-01 1.47e-01
3 scenario3_n33_popSize1370_r2.9e-7 47 33 1370 2.9e-7 5e-7 6854 5.44619 0.000685 4.69499 1 0 1 1e-3 0.2 1.00e+00 9.41e-01 1.00e+00
3 scenario3_n33_popSize1370_r2.9e-7 48 33 1370 2.9e-7 5e-7 6854 5.44619 0.000685 4.69499 1 0 1 1e-3 0.2 8.67e-01 6.95e-01 5.38e-01
3 scenario3_n33_popSize1370_r2.9e-7 49 33 1370 2.9e-7 5e-7 6854 5.44619 0.000685 4.69499 1 0 1 1e-3 0.2 3.46e-01 3.04e-01 2.23e-01
3 scenario3_n33_popSize1370_r2.9e-7 50 33 1370 2.9e-7 5e-7 6854 5.44619 0.000685 4.69499 1 0 1 1e-3 0.2 1.00e+00 1.00e+00 2.96e-01
3 scenario3_n33_popSize1370_r2.9e-7 51 33 1370 2.9e-7 5e-7 6854 5.44619 0.000685 4.69499 1 0 1 1e-3 0.2 1.00e+00 7.49e-01 1.00e+00
3 scenario3_n33_popSize1370_r2.9e-7 52 33 1370 2.9e-7 5e-7 6854 5.44619 0.000685 4.69499 1 0 1 1e-3 0.2 1.00e+00 5.09e-01 1.00e+00
3 scenario3_n33_popSize1370_r2.9e-7 53 33 1370 2.9e-7 5e-7 6854 5.44619 0.000685 4.69499 1 0 1 1e-3 0.2 1.00e+00 5.44e-01 1.00e+00
3 scenario3_n33_popSize1370_r2.9e-7 54 33 1370 2.9e-7 5e-7 6854 5.44619 0.000685 4.69499 1 0 1 1e-3 0.2 1.20e-02 7.36e-01 4.36e-02
3 scenario3_n33_popSize1370_r2.9e-7 55 33 1370 2.9e-7 5e-7 6854 5.44619 0.000685 4.69499 1 0 1 1e-3 0.2 2.20e-02 2.55e-01 2.34e-01
3 scenario3_n33_popSize1370_r2.9e-7 56 33 1370 2.9e-7 5e-7 6854 5.44619 0.000685 4.69499 1 0 1 1e-3 0.2 2.48e-01 6.64e-01 7.91e-02
3 scenario3_n33_popSize1370_r2.9e-7 57 33 1370 2.9e-7 5e-7 6854 5.44619 0.000685 4.69499 1 0 1 1e-3 0.2 7.41e-01 2.86e-01 1.89e-01
3 scenario3_n33_popSize1370_r2.9e-7 58 33 1370 2.9e-7 5e-7 6854 5.44619 0.000685 4.69499 1 0 1 1e-3 0.2 1.00e+00 5.29e-01 1.00e+00
3 scenario3_n33_popSize1370_r2.9e-7 59 33 1370 2.9e-7 5e-7 6854 5.44619 0.000685 4.69499 1 0 1 1e-3 0.2 1.00e+00 8.30e-01 1.00e+00
3 scenario3_n33_popSize1370_r2.9e-7 60 33 1370 2.9e-7 5e-7 6854 5.44619 0.000685 4.69499 1 0 1 1e-3 0.2 5.15e-01 4.38e-01 2.09e-01
3 scenario3_n33_popSize1370_r2.9e-7 61 33 1370 2.9e-7 5e-7 6854 5.44619 0.000685 4.69499 1 0 1 1e-3 0.2 3.62e-01 1.68e-01 2.71e-01
3 scenario3_n33_popSize1370_r2.9e-7 62 33 1370 2.9e-7 5e-7 6854 5.44619 0.000685 4.69499 1 0 1 1e-3 0.2 1.00e+00 4.04e-01 1.00e+00
3 scenario3_n33_popSize1370_r2.9e-7 63 33 1370 2.9e-7 5e-7 6854 5.44619 0.000685 4.69499 1 0 1 1e-3 0.2 5.00e-03 3.28e-01 9.92e-02
3 scenario3_n33_popSize1370_r2.9e-7 64 33 1370 2.9e-7 5e-7 6854 5.44619 0.000685 4.69499 1 0 1 1e-3 0.2 3.17e-01 2.96e-01 2.54e-01
3 scenario3_n33_popSize1370_r2.9e-7 65 33 1370 2.9e-7 5e-7 6854 5.44619 0.000685 4.69499 1 0 1 1e-3 0.2 1.00e-03 4.85e-01 1.18e-02
3 scenario3_n33_popSize1370_r2.9e-7 66 33 1370 2.9e-7 5e-7 6854 5.44619 0.000685 4.69499 1 0 1 1e-3 0.2 1.60e-02 7.55e-01 5.96e-02
3 scenario3_n33_popSize1370_r2.9e-7 67 33 1370 2.9e-7 5e-7 6854 5.44619 0.000685 4.69499 1 0 1 1e-3 0.2 8.46e-01 9.38e-01 1.19e-01
3 scenario3_n33_popSize1370_r2.9e-7 68 33 1370 2.9e-7 5e-7 6854 5.44619 0.000685 4.69499 1 0 1 1e-3 0.2 1.00e+00 8.93e-01 1.00e+00
3 scenario3_n33_popSize1370_r2.9e-7 69 33 1370 2.9e-7 5e-7 6854 5.44619 0.000685 4.69499 1 0 1 1e-3 0.2 8.37e-01 6.25e-01 1.20e-01
3 scenario3_n33_popSize1370_r2.9e-7 70 33 1370 2.9e-7 5e-7 6854 5.44619 0.000685 4.69499 1 0 1 1e-3 0.2 6.35e-01 7.45e-01 1.27e-01
3 scenario3_n33_popSize1370_r2.9e-7 71 33 1370 2.9e-7 5e-7 6854 5.44619 0.000685 4.69499 1 0 1 1e-3 0.2 3.60e-02 8.50e-01 2.02e-02
3 scenario3_n33_popSize1370_r2.9e-7 72 33 1370 2.9e-7 5e-7 6854 5.44619 0.000685 4.69499 1 0 1 1e-3 0.2 9.60e-02 9.81e-01 1.31e-01
3 scenario3_n33_popSize1370_r2.9e-7 73 33 1370 2.9e-7 5e-7 6854 5.44619 0.000685 4.69499 1 0 1 1e-3 0.2 1.00e+00 1.25e-01 9.85e-01
3 scenario3_n33_popSize1370_r2.9e-7 74 33 1370 2.9e-7 5e-7 6854 5.44619 0.000685 4.69499 1 0 1 1e-3 0.2 5.01e-01 8.20e-02 3.67e-01
3 scenario3_n33_popSize1370_r2.9e-7 75 33 1370 2.9e-7 5e-7 6854 5.44619 0.000685 4.69499 1 0 1 1e-3 0.2 9.12e-01 6.46e-01 1.07e-01
3 scenario3_n33_popSize1370_r2.9e-7 76 33 1370 2.9e-7 5e-7 6854 5.44619 0.000685 4.69499 1 0 1 1e-3 0.2 2.25e-01 4.68e-01 1.65e-01
3 scenario3_n33_popSize1370_r2.9e-7 77 33 1370 2.9e-7 5e-7 6854 5.44619 0.000685 4.69499 1 0 1 1e-3 0.2 7.73e-01 6.08e-01 2.76e-01
3 scenario3_n33_popSize1370_r2.9e-7 78 33 1370 2.9e-7 5e-7 6854 5.44619 0.000685 4.69499 1 0 1 1e-3 0.2 4.32e-01 5.42e-01 7.15e-03
3 scenario3_n33_popSize1370_r2.9e-7 79 33 1370 2.9e-7 5e-7 6854 5.44619 0.000685 4.69499 1 0 1 1e-3 0.2 2.30e-02 2.30e-01 6.68e-02
3 scenario3_n33_popSize1370_r2.9e-7 80 33 1370 2.9e-7 5e-7 6854 5.44619 0.000685 4.69499 1 0 1 1e-3 0.2 3.96e-01 4.71e-01 1.47e-01
3 scenario3_n33_popSize1370_r2.9e-7 81 33 1370 2.9e-7 5e-7 6854 5.44619 0.000685 4.69499 1 0 1 1e-3 0.2 1.00e+00 9.71e-01 1.00e+00
3 scenario3_n33_popSize1370_r2.9e-7 82 33 1370 2.9e-7 5e-7 6854 5.44619 0.000685 4.69499 1 0 1 1e-3 0.2 1.19e-01 3.66e-01 5.32e-02
3 scenario3_n33_popSize1370_r2.9e-7 83 33 1370 2.9e-7 5e-7 6854 5.44619 0.000685 4.69499 1 0 1 1e-3 0.2 3.23e-01 3.15e-01 3.31e-01
3 scenario3_n33_popSize1370_r2.9e-7 84 33 1370 2.9e-7 5e-7 6854 5.44619 0.000685 4.69499 1 0 1 1e-3 0.2 0.00e+00 5.40e-01 1.72e-02
3 scenario3_n33_popSize1370_r2.9e-7 85 33 1370 2.9e-7 5e-7 6854 5.44619 0.000685 4.69499 1 0 1 1e-3 0.2 9.03e-01 1.87e-01 4.94e-02
3 scenario3_n33_popSize1370_r2.9e-7 86 33 1370 2.9e-7 5e-7 6854 5.44619 0.000685 4.69499 1 0 1 1e-3 0.2 1.00e+00 8.97e-01 7.46e-01
3 scenario3_n33_popSize1370_r2.9e-7 87 33 1370 2.9e-7 5e-7 6854 5.44619 0.000685 4.69499 1 0 1 1e-3 0.2 4.29e-01 2.75e-01 6.80e-01
3 scenario3_n33_popSize1370_r2.9e-7 88 33 1370 2.9e-7 5e-7 6854 5.44619 0.000685 4.69499 1 0 1 1e-3 0.2 1.00e+00 2.69e-01 1.00e+00
3 scenario3_n33_popSize1370_r2.9e-7 89 33 1370 2.9e-7 5e-7 6854 5.44619 0.000685 4.69499 1 0 1 1e-3 0.2 4.00e-02 9.30e-02 1.37e-01
3 scenario3_n33_popSize1370_r2.9e-7 90 33 1370 2.9e-7 5e-7 6854 5.44619 0.000685 4.69499 1 0 1 1e-3 0.2 2.67e-01 5.62e-01 1.01e-01
3 scenario3_n33_popSize1370_r2.9e-7 91 33 1370 2.9e-7 5e-7 6854 5.44619 0.000685 4.69499 1 0 1 1e-3 0.2 4.00e-03 3.38e-01 9.02e-02
3 scenario3_n33_popSize1370_r2.9e-7 92 33 1370 2.9e-7 5e-7 6854 5.44619 0.000685 4.69499 1 0 1 1e-3 0.2 9.90e-02 1.08e-01 1.03e-02
3 scenario3_n33_popSize1370_r2.9e-7 93 33 1370 2.9e-7 5e-7 6854 5.44619 0.000685 4.69499 1 0 1 1e-3 0.2 1.00e+00 2.22e-01 1.00e+00
3 scenario3_n33_popSize1370_r2.9e-7 94 33 1370 2.9e-7 5e-7 6854 5.44619 0.000685 4.69499 1 0 1 1e-3 0.2 3.33e-01 5.36e-01 5.00e-01
3 scenario3_n33_popSize1370_r2.9e-7 95 33 1370 2.9e-7 5e-7 6854 5.44619 0.000685 4.69499 1 0 1 1e-3 0.2 8.56e-01 1.24e-01 8.19e-01
3 scenario3_n33_popSize1370_r2.9e-7 96 33 1370 2.9e-7 5e-7 6854 5.44619 0.000685 4.69499 1 0 1 1e-3 0.2 6.08e-01 9.63e-01 5.00e-01
3 scenario3_n33_popSize1370_r2.9e-7 97 33 1370 2.9e-7 5e-7 6854 5.44619 0.000685 4.69499 1 0 1 1e-3 0.2 1.50e-02 7.08e-01 3.35e-02
3 scenario3_n33_popSize1370_r2.9e-7 98 33 1370 2.9e-7 5e-7 6854 5.44619 0.000685 4.69499 1 0 1 1e-3 0.2 1.65e-01 4.54e-01 4.75e-01
3 scenario3_n33_popSize1370_r2.9e-7 99 33 1370 2.9e-7 5e-7 6854 5.44619 0.000685 4.69499 1 0 1 1e-3 0.2 6.71e-01 8.98e-01 8.52e-01
3 scenario3_n33_popSize1370_r2.9e-7 100 33 1370 2.9e-7 5e-7 6854 5.44619 0.000685 4.69499 1 0 1 1e-3 0.2 1.20e-01 4.31e-01 4.06e-01
