scenarioType simulation numSimulation numSequences popSize recRate mutRate length rho thetaRate theta status invSites jukesCantor popGrowth alphaShape pValNSS pValMaxChi pValPHI
2 scenario2_n100_popSize5446_r0 1 100 5446 0 4.1e-7 16478 0 0.00223286 36.7931 1 0 1 0 0.2 7.59e-01 5.18e-01 6.08e-01
2 scenario2_n100_popSize5446_r0 2 100 5446 0 4.1e-7 16478 0 0.00223286 36.7931 1 0 1 0 0.2 1.00e+00 4.36e-01 3.08e-01
2 scenario2_n100_popSize5446_r0 3 100 5446 0 4.1e-7 16478 0 0.00223286 36.7931 1 0 1 0 0.2 7.62e-01 1.11e-01 5.99e-01
2 scenario2_n100_popSize5446_r0 4 100 5446 0 4.1e-7 16478 0 0.00223286 36.7931 1 0 1 0 0.2 8.80e-01 5.09e-01 7.98e-01
2 scenario2_n100_popSize5446_r0 5 100 5446 0 4.1e-7 16478 0 0.00223286 36.7931 1 0 1 0 0.2 9.62e-01 2.10e-02 1.71e-01
2 scenario2_n100_popSize5446_r0 6 100 5446 0 4.1e-7 16478 0 0.00223286 36.7931 1 0 1 0 0.2 7.29e-01 2.89e-01 2.48e-01
2 scenario2_n100_popSize5446_r0 7 100 5446 0 4.1e-7 16478 0 0.00223286 36.7931 1 0 1 0 0.2 9.38e-01 3.78e-01 9.17e-01
2 scenario2_n100_popSize5446_r0 8 100 5446 0 4.1e-7 16478 0 0.00223286 36.7931 1 0 1 0 0.2 8.70e-02 5.00e-03 8.35e-01
2 scenario2_n100_popSize5446_r0 9 100 5446 0 4.1e-7 16478 0 0.00223286 36.7931 1 0 1 0 0.2 7.99e-01 7.03e-01 3.50e-01
2 scenario2_n100_popSize5446_r0 10 100 5446 0 4.1e-7 16478 0 0.00223286 36.7931 1 0 1 0 0.2 6.54e-01 7.72e-01 2.30e-01
2 scenario2_n100_popSize5446_r0 11 100 5446 0 4.1e-7 16478 0 0.00223286 36.7931 1 0 1 0 0.2 7.99e-01 8.35e-01 5.22e-01
2 scenario2_n100_popSize5446_r0 12 100 5446 0 4.1e-7 16478 0 0.00223286 36.7931 1 0 1 0 0.2 7.83e-01 7.09e-01 2.61e-01
2 scenario2_n100_popSize5446_r0 13 100 5446 0 4.1e-7 16478 0 0.00223286 36.7931 1 0 1 0 0.2 6.62e-01 7.19e-01 1.62e-01
2 scenario2_n100_popSize5446_r0 14 100 5446 0 4.1e-7 16478 0 0.00223286 36.7931 1 0 1 0 0.2 6.48e-01 9.87e-01 9.55e-01
2 scenario2_n100_popSize5446_r0 15 100 5446 0 4.1e-7 16478 0 0.00223286 36.7931 1 0 1 0 0.2 6.00e-01 1.12e-01 7.70e-01
2 scenario2_n100_popSize5446_r0 16 100 5446 0 4.1e-7 16478 0 0.00223286 36.7931 1 0 1 0 0.2 7.79e-01 9.99e-01 4.78e-01
2 scenario2_n100_popSize5446_r0 17 100 5446 0 4.1e-7 16478 0 0.00223286 36.7931 1 0 1 0 0.2 2.86e-01 5.21e-01 4.09e-01
2 scenario2_n100_popSize5446_r0 18 100 5446 0 4.1e-7 16478 0 0.00223286 36.7931 1 0 1 0 0.2 5.19e-01 6.55e-01 2.80e-01
2 scenario2_n100_popSize5446_r0 19 100 5446 0 4.1e-7 16478 0 0.00223286 36.7931 1 0 1 0 0.2 6.80e-01 1.74e-01 8.82e-01
2 scenario2_n100_popSize5446_r0 20 100 5446 0 4.1e-7 16478 0 0.00223286 36.7931 1 0 1 0 0.2 2.03e-01 3.96e-01 2.08e-01
2 scenario2_n100_popSize5446_r0 21 100 5446 0 4.1e-7 16478 0 0.00223286 36.7931 1 0 1 0 0.2 2.90e-02 5.28e-01 4.52e-01
2 scenario2_n100_popSize5446_r0 22 100 5446 0 4.1e-7 16478 0 0.00223286 36.7931 1 0 1 0 0.2 2.88e-01 4.11e-01 1.61e-01
2 scenario2_n100_popSize5446_r0 23 100 5446 0 4.1e-7 16478 0 0.00223286 36.7931 1 0 1 0 0.2 7.80e-02 9.43e-01 2.80e-01
2 scenario2_n100_popSize5446_r0 24 100 5446 0 4.1e-7 16478 0 0.00223286 36.7931 1 0 1 0 0.2 2.51e-01 3.40e-02 2.04e-01
2 scenario2_n100_popSize5446_r0 25 100 5446 0 4.1e-7 16478 0 0.00223286 36.7931 1 0 1 0 0.2 8.88e-01 5.01e-01 2.89e-01
2 scenario2_n100_popSize5446_r0 26 100 5446 0 4.1e-7 16478 0 0.00223286 36.7931 1 0 1 0 0.2 6.39e-01 1.80e-01 8.68e-01
2 scenario2_n100_popSize5446_r0 27 100 5446 0 4.1e-7 16478 0 0.00223286 36.7931 1 0 1 0 0.2 6.86e-01 1.51e-01 2.33e-01
2 scenario2_n100_popSize5446_r0 28 100 5446 0 4.1e-7 16478 0 0.00223286 36.7931 1 0 1 0 0.2 9.37e-01 9.84e-01 2.31e-01
2 scenario2_n100_popSize5446_r0 29 100 5446 0 4.1e-7 16478 0 0.00223286 36.7931 1 0 1 0 0.2 9.92e-01 9.35e-01 3.28e-01
2 scenario2_n100_popSize5446_r0 30 100 5446 0 4.1e-7 16478 0 0.00223286 36.7931 1 0 1 0 0.2 2.25e-01 5.51e-01 4.73e-01
2 scenario2_n100_popSize5446_r0 31 100 5446 0 4.1e-7 16478 0 0.00223286 36.7931 1 0 1 0 0.2 8.99e-01 5.56e-01 2.26e-01
2 scenario2_n100_popSize5446_r0 32 100 5446 0 4.1e-7 16478 0 0.00223286 36.7931 1 0 1 0 0.2 5.57e-01 3.95e-01 1.84e-02
2 scenario2_n100_popSize5446_r0 33 100 5446 0 4.1e-7 16478 0 0.00223286 36.7931 1 0 1 0 0.2 1.75e-01 4.70e-01 1.69e-01
2 scenario2_n100_popSize5446_r0 34 100 5446 0 4.1e-7 16478 0 0.00223286 36.7931 1 0 1 0 0.2 1.66e-01 5.59e-01 3.06e-01
2 scenario2_n100_popSize5446_r0 35 100 5446 0 4.1e-7 16478 0 0.00223286 36.7931 1 0 1 0 0.2 2.06e-01 7.05e-01 2.94e-01
2 scenario2_n100_popSize5446_r0 36 100 5446 0 4.1e-7 16478 0 0.00223286 36.7931 1 0 1 0 0.2 3.53e-01 8.87e-01 1.66e-01
2 scenario2_n100_popSize5446_r0 37 100 5446 0 4.1e-7 16478 0 0.00223286 36.7931 1 0 1 0 0.2 1.71e-01 7.84e-01 1.99e-01
2 scenario2_n100_popSize5446_r0 38 100 5446 0 4.1e-7 16478 0 0.00223286 36.7931 1 0 1 0 0.2 2.66e-01 2.14e-01 7.89e-01
2 scenario2_n100_popSize5446_r0 39 100 5446 0 4.1e-7 16478 0 0.00223286 36.7931 1 0 1 0 0.2 3.90e-02 6.85e-01 5.17e-01
2 scenario2_n100_popSize5446_r0 40 100 5446 0 4.1e-7 16478 0 0.00223286 36.7931 1 0 1 0 0.2 7.39e-01 5.19e-01 7.65e-01
2 scenario2_n100_popSize5446_r0 41 100 5446 0 4.1e-7 16478 0 0.00223286 36.7931 1 0 1 0 0.2 5.25e-01 2.66e-01 5.56e-02
2 scenario2_n100_popSize5446_r0 42 100 5446 0 4.1e-7 16478 0 0.00223286 36.7931 1 0 1 0 0.2 6.11e-01 2.05e-01 5.89e-02
2 scenario2_n100_popSize5446_r0 43 100 5446 0 4.1e-7 16478 0 0.00223286 36.7931 1 0 1 0 0.2 8.00e-03 6.75e-01 9.61e-01
2 scenario2_n100_popSize5446_r0 44 100 5446 0 4.1e-7 16478 0 0.00223286 36.7931 1 0 1 0 0.2 7.29e-01 3.14e-01 8.86e-01
2 scenario2_n100_popSize5446_r0 45 100 5446 0 4.1e-7 16478 0 0.00223286 36.7931 1 0 1 0 0.2 8.08e-01 6.45e-01 1.55e-01
2 scenario2_n100_popSize5446_r0 46 100 5446 0 4.1e-7 16478 0 0.00223286 36.7931 1 0 1 0 0.2 1.50e-01 4.61e-01 9.98e-01
2 scenario2_n100_popSize5446_r0 47 100 5446 0 4.1e-7 16478 0 0.00223286 36.7931 1 0 1 0 0.2 4.27e-01 8.96e-01 4.01e-01
2 scenario2_n100_popSize5446_r0 48 100 5446 0 4.1e-7 16478 0 0.00223286 36.7931 1 0 1 0 0.2 2.33e-01 4.77e-01 8.51e-01
2 scenario2_n100_popSize5446_r0 49 100 5446 0 4.1e-7 16478 0 0.00223286 36.7931 1 0 1 0 0.2 8.94e-01 5.39e-01 4.58e-01
2 scenario2_n100_popSize5446_r0 50 100 5446 0 4.1e-7 16478 0 0.00223286 36.7931 1 0 1 0 0.2 7.82e-01 4.51e-01 6.40e-01
2 scenario2_n100_popSize5446_r0 51 100 5446 0 4.1e-7 16478 0 0.00223286 36.7931 1 0 1 0 0.2 8.43e-01 8.31e-01 3.21e-01
2 scenario2_n100_popSize5446_r0 52 100 5446 0 4.1e-7 16478 0 0.00223286 36.7931 1 0 1 0 0.2 9.49e-01 8.76e-01 2.62e-01
2 scenario2_n100_popSize5446_r0 53 100 5446 0 4.1e-7 16478 0 0.00223286 36.7931 1 0 1 0 0.2 1.85e-01 4.54e-01 1.94e-01
2 scenario2_n100_popSize5446_r0 54 100 5446 0 4.1e-7 16478 0 0.00223286 36.7931 1 0 1 0 0.2 6.57e-01 3.20e-01 3.89e-01
2 scenario2_n100_popSize5446_r0 55 100 5446 0 4.1e-7 16478 0 0.00223286 36.7931 1 0 1 0 0.2 2.67e-01 8.45e-01 2.13e-01
2 scenario2_n100_popSize5446_r0 56 100 5446 0 4.1e-7 16478 0 0.00223286 36.7931 1 0 1 0 0.2 4.85e-01 3.89e-01 4.33e-01
2 scenario2_n100_popSize5446_r0 57 100 5446 0 4.1e-7 16478 0 0.00223286 36.7931 1 0 1 0 0.2 9.21e-01 5.41e-01 3.66e-03
2 scenario2_n100_popSize5446_r0 58 100 5446 0 4.1e-7 16478 0 0.00223286 36.7931 1 0 1 0 0.2 5.63e-01 3.00e-01 8.27e-02
2 scenario2_n100_popSize5446_r0 59 100 5446 0 4.1e-7 16478 0 0.00223286 36.7931 1 0 1 0 0.2 2.80e-02 7.52e-01 9.05e-01
2 scenario2_n100_popSize5446_r0 60 100 5446 0 4.1e-7 16478 0 0.00223286 36.7931 1 0 1 0 0.2 5.37e-01 4.94e-01 7.42e-01
2 scenario2_n100_popSize5446_r0 61 100 5446 0 4.1e-7 16478 0 0.00223286 36.7931 1 0 1 0 0.2 1.35e-01 7.99e-01 8.63e-01
2 scenario2_n100_popSize5446_r0 62 100 5446 0 4.1e-7 16478 0 0.00223286 36.7931 1 0 1 0 0.2 1.90e-02 2.06e-01 2.18e-01
2 scenario2_n100_popSize5446_r0 63 100 5446 0 4.1e-7 16478 0 0.00223286 36.7931 1 0 1 0 0.2 8.35e-01 1.08e-01 7.95e-01
2 scenario2_n100_popSize5446_r0 64 100 5446 0 4.1e-7 16478 0 0.00223286 36.7931 1 0 1 0 0.2 2.25e-01 3.98e-01 3.49e-01
2 scenario2_n100_popSize5446_r0 65 100 5446 0 4.1e-7 16478 0 0.00223286 36.7931 1 0 1 0 0.2 7.48e-01 1.61e-01 9.40e-01
2 scenario2_n100_popSize5446_r0 66 100 5446 0 4.1e-7 16478 0 0.00223286 36.7931 1 0 1 0 0.2 2.59e-01 6.09e-01 2.16e-01
2 scenario2_n100_popSize5446_r0 67 100 5446 0 4.1e-7 16478 0 0.00223286 36.7931 1 0 1 0 0.2 9.85e-01 6.19e-01 3.64e-01
2 scenario2_n100_popSize5446_r0 68 100 5446 0 4.1e-7 16478 0 0.00223286 36.7931 1 0 1 0 0.2 2.48e-01 8.34e-01 3.65e-02
2 scenario2_n100_popSize5446_r0 69 100 5446 0 4.1e-7 16478 0 0.00223286 36.7931 1 0 1 0 0.2 1.00e+00 9.73e-01 2.44e-01
2 scenario2_n100_popSize5446_r0 70 100 5446 0 4.1e-7 16478 0 0.00223286 36.7931 1 0 1 0 0.2 5.26e-01 3.50e-02 9.51e-01
2 scenario2_n100_popSize5446_r0 71 100 5446 0 4.1e-7 16478 0 0.00223286 36.7931 1 0 1 0 0.2 8.79e-01 6.47e-01 1.64e-01
2 scenario2_n100_popSize5446_r0 72 100 5446 0 4.1e-7 16478 0 0.00223286 36.7931 1 0 1 0 0.2 9.63e-01 3.83e-01 9.85e-01
2 scenario2_n100_popSize5446_r0 73 100 5446 0 4.1e-7 16478 0 0.00223286 36.7931 1 0 1 0 0.2 9.21e-01 9.19e-01 4.12e-01
2 scenario2_n100_popSize5446_r0 74 100 5446 0 4.1e-7 16478 0 0.00223286 36.7931 1 0 1 0 0.2 6.20e-02 5.80e-01 4.73e-01
2 scenario2_n100_popSize5446_r0 75 100 5446 0 4.1e-7 16478 0 0.00223286 36.7931 1 0 1 0 0.2 3.02e-01 2.96e-01 2.74e-01
2 scenario2_n100_popSize5446_r0 76 100 5446 0 4.1e-7 16478 0 0.00223286 36.7931 1 0 1 0 0.2 5.38e-01 7.58e-01 1.66e-01
2 scenario2_n100_popSize5446_r0 77 100 5446 0 4.1e-7 16478 0 0.00223286 36.7931 1 0 1 0 0.2 1.33e-01 6.95e-01 2.84e-01
2 scenario2_n100_popSize5446_r0 78 100 5446 0 4.1e-7 16478 0 0.00223286 36.7931 1 0 1 0 0.2 5.10e-01 5.33e-01 1.89e-01
2 scenario2_n100_popSize5446_r0 79 100 5446 0 4.1e-7 16478 0 0.00223286 36.7931 1 0 1 0 0.2 7.94e-01 9.49e-01 7.40e-01
2 scenario2_n100_popSize5446_r0 80 100 5446 0 4.1e-7 16478 0 0.00223286 36.7931 1 0 1 0 0.2 6.53e-01 1.63e-01 5.28e-01
2 scenario2_n100_popSize5446_r0 81 100 5446 0 4.1e-7 16478 0 0.00223286 36.7931 1 0 1 0 0.2 9.06e-01 9.22e-01 7.35e-01
2 scenario2_n100_popSize5446_r0 82 100 5446 0 4.1e-7 16478 0 0.00223286 36.7931 1 0 1 0 0.2 4.90e-02 8.91e-01 2.00e-01
2 scenario2_n100_popSize5446_r0 83 100 5446 0 4.1e-7 16478 0 0.00223286 36.7931 1 0 1 0 0.2 3.09e-01 5.33e-01 2.76e-02
2 scenario2_n100_popSize5446_r0 84 100 5446 0 4.1e-7 16478 0 0.00223286 36.7931 1 0 1 0 0.2 1.94e-01 9.05e-01 8.27e-01
2 scenario2_n100_popSize5446_r0 85 100 5446 0 4.1e-7 16478 0 0.00223286 36.7931 1 0 1 0 0.2 4.18e-01 3.01e-01 4.33e-01
2 scenario2_n100_popSize5446_r0 86 100 5446 0 4.1e-7 16478 0 0.00223286 36.7931 1 0 1 0 0.2 8.30e-02 7.04e-01 4.98e-01
2 scenario2_n100_popSize5446_r0 87 100 5446 0 4.1e-7 16478 0 0.00223286 36.7931 1 0 1 0 0.2 9.68e-01 7.79e-01 8.51e-01
2 scenario2_n100_popSize5446_r0 88 100 5446 0 4.1e-7 16478 0 0.00223286 36.7931 1 0 1 0 0.2 4.00e-03 4.74e-01 4.81e-01
2 scenario2_n100_popSize5446_r0 89 100 5446 0 4.1e-7 16478 0 0.00223286 36.7931 1 0 1 0 0.2 2.88e-01 1.91e-01 5.18e-01
2 scenario2_n100_popSize5446_r0 90 100 5446 0 4.1e-7 16478 0 0.00223286 36.7931 1 0 1 0 0.2 7.84e-01 9.92e-01 9.64e-01
2 scenario2_n100_popSize5446_r0 91 100 5446 0 4.1e-7 16478 0 0.00223286 36.7931 1 0 1 0 0.2 4.20e-02 1.24e-01 2.47e-01
2 scenario2_n100_popSize5446_r0 92 100 5446 0 4.1e-7 16478 0 0.00223286 36.7931 1 0 1 0 0.2 8.80e-02 1.84e-01 1.20e-01
2 scenario2_n100_popSize5446_r0 93 100 5446 0 4.1e-7 16478 0 0.00223286 36.7931 1 0 1 0 0.2 7.95e-01 8.99e-01 9.94e-01
2 scenario2_n100_popSize5446_r0 94 100 5446 0 4.1e-7 16478 0 0.00223286 36.7931 1 0 1 0 0.2 9.65e-01 1.48e-01 2.63e-02
2 scenario2_n100_popSize5446_r0 95 100 5446 0 4.1e-7 16478 0 0.00223286 36.7931 1 0 1 0 0.2 1.42e-01 7.93e-01 3.93e-01
2 scenario2_n100_popSize5446_r0 96 100 5446 0 4.1e-7 16478 0 0.00223286 36.7931 1 0 1 0 0.2 5.27e-01 7.79e-01 1.19e-01
2 scenario2_n100_popSize5446_r0 97 100 5446 0 4.1e-7 16478 0 0.00223286 36.7931 1 0 1 0 0.2 8.57e-01 3.37e-01 5.94e-01
2 scenario2_n100_popSize5446_r0 98 100 5446 0 4.1e-7 16478 0 0.00223286 36.7931 1 0 1 0 0.2 8.47e-01 7.70e-01 1.26e-01
2 scenario2_n100_popSize5446_r0 99 100 5446 0 4.1e-7 16478 0 0.00223286 36.7931 1 0 1 0 0.2 2.99e-01 2.17e-01 4.70e-01
2 scenario2_n100_popSize5446_r0 100 100 5446 0 4.1e-7 16478 0 0.00223286 36.7931 1 0 1 0 0.2 6.04e-01 7.57e-01 2.80e-01
