scenarioType simulation numSimulation numSequences popSize recRate mutRate length rho thetaRate theta status invSites jukesCantor popGrowth alphaShape pValNSS pValMaxChi pValPHI
2 scenario2_n100_popSize5446_r5.6e-8 1 100 5446 5.6e-8 4.1e-7 16478 10.0508 0.00223286 36.7931 1 0 1 1e-3 0.2 0.00e+00 0.00e+00 1.72e-07
2 scenario2_n100_popSize5446_r5.6e-8 2 100 5446 5.6e-8 4.1e-7 16478 10.0508 0.00223286 36.7931 1 0 1 1e-3 0.2 0.00e+00 0.00e+00 1.04e-20
2 scenario2_n100_popSize5446_r5.6e-8 3 100 5446 5.6e-8 4.1e-7 16478 10.0508 0.00223286 36.7931 1 0 1 1e-3 0.2 0.00e+00 0.00e+00 0.00e+00
2 scenario2_n100_popSize5446_r5.6e-8 4 100 5446 5.6e-8 4.1e-7 16478 10.0508 0.00223286 36.7931 1 0 1 1e-3 0.2 0.00e+00 0.00e+00 6.70e-30
2 scenario2_n100_popSize5446_r5.6e-8 5 100 5446 5.6e-8 4.1e-7 16478 10.0508 0.00223286 36.7931 1 0 1 1e-3 0.2 0.00e+00 0.00e+00 1.95e-28
2 scenario2_n100_popSize5446_r5.6e-8 6 100 5446 5.6e-8 4.1e-7 16478 10.0508 0.00223286 36.7931 1 0 1 1e-3 0.2 0.00e+00 0.00e+00 2.46e-28
2 scenario2_n100_popSize5446_r5.6e-8 7 100 5446 5.6e-8 4.1e-7 16478 10.0508 0.00223286 36.7931 1 0 1 1e-3 0.2 0.00e+00 0.00e+00 1.34e-36
2 scenario2_n100_popSize5446_r5.6e-8 8 100 5446 5.6e-8 4.1e-7 16478 10.0508 0.00223286 36.7931 1 0 1 1e-3 0.2 0.00e+00 0.00e+00 1.71e-20
2 scenario2_n100_popSize5446_r5.6e-8 9 100 5446 5.6e-8 4.1e-7 16478 10.0508 0.00223286 36.7931 1 0 1 1e-3 0.2 0.00e+00 0.00e+00 0.00e+00
2 scenario2_n100_popSize5446_r5.6e-8 10 100 5446 5.6e-8 4.1e-7 16478 10.0508 0.00223286 36.7931 1 0 1 1e-3 0.2 0.00e+00 0.00e+00 2.10e-07
2 scenario2_n100_popSize5446_r5.6e-8 11 100 5446 5.6e-8 4.1e-7 16478 10.0508 0.00223286 36.7931 1 0 1 1e-3 0.2 0.00e+00 0.00e+00 1.18e-26
2 scenario2_n100_popSize5446_r5.6e-8 12 100 5446 5.6e-8 4.1e-7 16478 10.0508 0.00223286 36.7931 1 0 1 1e-3 0.2 0.00e+00 0.00e+00 5.16e-36
2 scenario2_n100_popSize5446_r5.6e-8 13 100 5446 5.6e-8 4.1e-7 16478 10.0508 0.00223286 36.7931 1 0 1 1e-3 0.2 0.00e+00 0.00e+00 6.69e-20
2 scenario2_n100_popSize5446_r5.6e-8 14 100 5446 5.6e-8 4.1e-7 16478 10.0508 0.00223286 36.7931 1 0 1 1e-3 0.2 0.00e+00 0.00e+00 0.00e+00
2 scenario2_n100_popSize5446_r5.6e-8 15 100 5446 5.6e-8 4.1e-7 16478 10.0508 0.00223286 36.7931 1 0 1 1e-3 0.2 0.00e+00 0.00e+00 1.23e-21
2 scenario2_n100_popSize5446_r5.6e-8 16 100 5446 5.6e-8 4.1e-7 16478 10.0508 0.00223286 36.7931 1 0 1 1e-3 0.2 0.00e+00 0.00e+00 6.45e-27
2 scenario2_n100_popSize5446_r5.6e-8 17 100 5446 5.6e-8 4.1e-7 16478 10.0508 0.00223286 36.7931 1 0 1 1e-3 0.2 0.00e+00 0.00e+00 3.43e-22
2 scenario2_n100_popSize5446_r5.6e-8 18 100 5446 5.6e-8 4.1e-7 16478 10.0508 0.00223286 36.7931 1 0 1 1e-3 0.2 0.00e+00 0.00e+00 2.15e-24
2 scenario2_n100_popSize5446_r5.6e-8 19 100 5446 5.6e-8 4.1e-7 16478 10.0508 0.00223286 36.7931 1 0 1 1e-3 0.2 0.00e+00 0.00e+00 6.98e-36
2 scenario2_n100_popSize5446_r5.6e-8 20 100 5446 5.6e-8 4.1e-7 16478 10.0508 0.00223286 36.7931 1 0 1 1e-3 0.2 0.00e+00 0.00e+00 1.82e-23
2 scenario2_n100_popSize5446_r5.6e-8 21 100 5446 5.6e-8 4.1e-7 16478 10.0508 0.00223286 36.7931 1 0 1 1e-3 0.2 0.00e+00 0.00e+00 0.00e+00
2 scenario2_n100_popSize5446_r5.6e-8 22 100 5446 5.6e-8 4.1e-7 16478 10.0508 0.00223286 36.7931 1 0 1 1e-3 0.2 0.00e+00 0.00e+00 5.75e-25
2 scenario2_n100_popSize5446_r5.6e-8 23 100 5446 5.6e-8 4.1e-7 16478 10.0508 0.00223286 36.7931 1 0 1 1e-3 0.2 0.00e+00 0.00e+00 0.00e+00
2 scenario2_n100_popSize5446_r5.6e-8 24 100 5446 5.6e-8 4.1e-7 16478 10.0508 0.00223286 36.7931 1 0 1 1e-3 0.2 0.00e+00 0.00e+00 0.00e+00
2 scenario2_n100_popSize5446_r5.6e-8 25 100 5446 5.6e-8 4.1e-7 16478 10.0508 0.00223286 36.7931 1 0 1 1e-3 0.2 0.00e+00 0.00e+00 0.00e+00
2 scenario2_n100_popSize5446_r5.6e-8 26 100 5446 5.6e-8 4.1e-7 16478 10.0508 0.00223286 36.7931 1 0 1 1e-3 0.2 0.00e+00 0.00e+00 0.00e+00
2 scenario2_n100_popSize5446_r5.6e-8 27 100 5446 5.6e-8 4.1e-7 16478 10.0508 0.00223286 36.7931 1 0 1 1e-3 0.2 0.00e+00 0.00e+00 2.07e-20
2 scenario2_n100_popSize5446_r5.6e-8 28 100 5446 5.6e-8 4.1e-7 16478 10.0508 0.00223286 36.7931 1 0 1 1e-3 0.2 0.00e+00 0.00e+00 0.00e+00
2 scenario2_n100_popSize5446_r5.6e-8 29 100 5446 5.6e-8 4.1e-7 16478 10.0508 0.00223286 36.7931 1 0 1 1e-3 0.2 0.00e+00 0.00e+00 1.37e-20
2 scenario2_n100_popSize5446_r5.6e-8 30 100 5446 5.6e-8 4.1e-7 16478 10.0508 0.00223286 36.7931 1 0 1 1e-3 0.2 0.00e+00 0.00e+00 0.00e+00
2 scenario2_n100_popSize5446_r5.6e-8 31 100 5446 5.6e-8 4.1e-7 16478 10.0508 0.00223286 36.7931 1 0 1 1e-3 0.2 0.00e+00 0.00e+00 3.91e-31
2 scenario2_n100_popSize5446_r5.6e-8 32 100 5446 5.6e-8 4.1e-7 16478 10.0508 0.00223286 36.7931 1 0 1 1e-3 0.2 0.00e+00 0.00e+00 1.26e-12
2 scenario2_n100_popSize5446_r5.6e-8 33 100 5446 5.6e-8 4.1e-7 16478 10.0508 0.00223286 36.7931 1 0 1 1e-3 0.2 0.00e+00 0.00e+00 1.98e-31
2 scenario2_n100_popSize5446_r5.6e-8 34 100 5446 5.6e-8 4.1e-7 16478 10.0508 0.00223286 36.7931 1 0 1 1e-3 0.2 0.00e+00 0.00e+00 2.66e-28
2 scenario2_n100_popSize5446_r5.6e-8 35 100 5446 5.6e-8 4.1e-7 16478 10.0508 0.00223286 36.7931 1 0 1 1e-3 0.2 0.00e+00 0.00e+00 4.05e-14
2 scenario2_n100_popSize5446_r5.6e-8 36 100 5446 5.6e-8 4.1e-7 16478 10.0508 0.00223286 36.7931 1 0 1 1e-3 0.2 0.00e+00 0.00e+00 0.00e+00
2 scenario2_n100_popSize5446_r5.6e-8 37 100 5446 5.6e-8 4.1e-7 16478 10.0508 0.00223286 36.7931 1 0 1 1e-3 0.2 0.00e+00 0.00e+00 0.00e+00
2 scenario2_n100_popSize5446_r5.6e-8 38 100 5446 5.6e-8 4.1e-7 16478 10.0508 0.00223286 36.7931 1 0 1 1e-3 0.2 9.00e-03 0.00e+00 1.19e-07
2 scenario2_n100_popSize5446_r5.6e-8 39 100 5446 5.6e-8 4.1e-7 16478 10.0508 0.00223286 36.7931 1 0 1 1e-3 0.2 0.00e+00 0.00e+00 5.78e-24
2 scenario2_n100_popSize5446_r5.6e-8 40 100 5446 5.6e-8 4.1e-7 16478 10.0508 0.00223286 36.7931 1 0 1 1e-3 0.2 0.00e+00 0.00e+00 2.31e-15
2 scenario2_n100_popSize5446_r5.6e-8 41 100 5446 5.6e-8 4.1e-7 16478 10.0508 0.00223286 36.7931 1 0 1 1e-3 0.2 0.00e+00 0.00e+00 0.00e+00
2 scenario2_n100_popSize5446_r5.6e-8 42 100 5446 5.6e-8 4.1e-7 16478 10.0508 0.00223286 36.7931 1 0 1 1e-3 0.2 0.00e+00 0.00e+00 0.00e+00
2 scenario2_n100_popSize5446_r5.6e-8 43 100 5446 5.6e-8 4.1e-7 16478 10.0508 0.00223286 36.7931 1 0 1 1e-3 0.2 0.00e+00 0.00e+00 3.10e-35
2 scenario2_n100_popSize5446_r5.6e-8 44 100 5446 5.6e-8 4.1e-7 16478 10.0508 0.00223286 36.7931 1 0 1 1e-3 0.2 0.00e+00 0.00e+00 3.34e-27
2 scenario2_n100_popSize5446_r5.6e-8 45 100 5446 5.6e-8 4.1e-7 16478 10.0508 0.00223286 36.7931 1 0 1 1e-3 0.2 0.00e+00 0.00e+00 0.00e+00
2 scenario2_n100_popSize5446_r5.6e-8 46 100 5446 5.6e-8 4.1e-7 16478 10.0508 0.00223286 36.7931 1 0 1 1e-3 0.2 0.00e+00 0.00e+00 6.62e-25
2 scenario2_n100_popSize5446_r5.6e-8 47 100 5446 5.6e-8 4.1e-7 16478 10.0508 0.00223286 36.7931 1 0 1 1e-3 0.2 0.00e+00 0.00e+00 0.00e+00
2 scenario2_n100_popSize5446_r5.6e-8 48 100 5446 5.6e-8 4.1e-7 16478 10.0508 0.00223286 36.7931 1 0 1 1e-3 0.2 0.00e+00 0.00e+00 3.32e-15
2 scenario2_n100_popSize5446_r5.6e-8 49 100 5446 5.6e-8 4.1e-7 16478 10.0508 0.00223286 36.7931 1 0 1 1e-3 0.2 0.00e+00 0.00e+00 1.95e-24
2 scenario2_n100_popSize5446_r5.6e-8 50 100 5446 5.6e-8 4.1e-7 16478 10.0508 0.00223286 36.7931 1 0 1 1e-3 0.2 0.00e+00 0.00e+00 0.00e+00
2 scenario2_n100_popSize5446_r5.6e-8 51 100 5446 5.6e-8 4.1e-7 16478 10.0508 0.00223286 36.7931 1 0 1 1e-3 0.2 0.00e+00 0.00e+00 2.21e-16
2 scenario2_n100_popSize5446_r5.6e-8 52 100 5446 5.6e-8 4.1e-7 16478 10.0508 0.00223286 36.7931 1 0 1 1e-3 0.2 0.00e+00 0.00e+00 7.30e-07
2 scenario2_n100_popSize5446_r5.6e-8 53 100 5446 5.6e-8 4.1e-7 16478 10.0508 0.00223286 36.7931 1 0 1 1e-3 0.2 0.00e+00 0.00e+00 0.00e+00
2 scenario2_n100_popSize5446_r5.6e-8 54 100 5446 5.6e-8 4.1e-7 16478 10.0508 0.00223286 36.7931 1 0 1 1e-3 0.2 0.00e+00 0.00e+00 1.85e-14
2 scenario2_n100_popSize5446_r5.6e-8 55 100 5446 5.6e-8 4.1e-7 16478 10.0508 0.00223286 36.7931 1 0 1 1e-3 0.2 0.00e+00 0.00e+00 0.00e+00
2 scenario2_n100_popSize5446_r5.6e-8 56 100 5446 5.6e-8 4.1e-7 16478 10.0508 0.00223286 36.7931 1 0 1 1e-3 0.2 0.00e+00 0.00e+00 0.00e+00
2 scenario2_n100_popSize5446_r5.6e-8 57 100 5446 5.6e-8 4.1e-7 16478 10.0508 0.00223286 36.7931 1 0 1 1e-3 0.2 0.00e+00 0.00e+00 0.00e+00
2 scenario2_n100_popSize5446_r5.6e-8 58 100 5446 5.6e-8 4.1e-7 16478 10.0508 0.00223286 36.7931 1 0 1 1e-3 0.2 0.00e+00 0.00e+00 7.32e-32
2 scenario2_n100_popSize5446_r5.6e-8 59 100 5446 5.6e-8 4.1e-7 16478 10.0508 0.00223286 36.7931 1 0 1 1e-3 0.2 0.00e+00 0.00e+00 2.16e-31
2 scenario2_n100_popSize5446_r5.6e-8 60 100 5446 5.6e-8 4.1e-7 16478 10.0508 0.00223286 36.7931 1 0 1 1e-3 0.2 0.00e+00 0.00e+00 0.00e+00
2 scenario2_n100_popSize5446_r5.6e-8 61 100 5446 5.6e-8 4.1e-7 16478 10.0508 0.00223286 36.7931 1 0 1 1e-3 0.2 0.00e+00 0.00e+00 2.07e-20
2 scenario2_n100_popSize5446_r5.6e-8 62 100 5446 5.6e-8 4.1e-7 16478 10.0508 0.00223286 36.7931 1 0 1 1e-3 0.2 0.00e+00 0.00e+00 0.00e+00
2 scenario2_n100_popSize5446_r5.6e-8 63 100 5446 5.6e-8 4.1e-7 16478 10.0508 0.00223286 36.7931 1 0 1 1e-3 0.2 0.00e+00 0.00e+00 2.46e-25
2 scenario2_n100_popSize5446_r5.6e-8 64 100 5446 5.6e-8 4.1e-7 16478 10.0508 0.00223286 36.7931 1 0 1 1e-3 0.2 0.00e+00 0.00e+00 0.00e+00
2 scenario2_n100_popSize5446_r5.6e-8 65 100 5446 5.6e-8 4.1e-7 16478 10.0508 0.00223286 36.7931 1 0 1 1e-3 0.2 1.00e-03 0.00e+00 6.88e-18
2 scenario2_n100_popSize5446_r5.6e-8 66 100 5446 5.6e-8 4.1e-7 16478 10.0508 0.00223286 36.7931 1 0 1 1e-3 0.2 0.00e+00 0.00e+00 5.71e-20
2 scenario2_n100_popSize5446_r5.6e-8 67 100 5446 5.6e-8 4.1e-7 16478 10.0508 0.00223286 36.7931 1 0 1 1e-3 0.2 0.00e+00 0.00e+00 3.80e-36
2 scenario2_n100_popSize5446_r5.6e-8 68 100 5446 5.6e-8 4.1e-7 16478 10.0508 0.00223286 36.7931 1 0 1 1e-3 0.2 0.00e+00 0.00e+00 3.70e-26
2 scenario2_n100_popSize5446_r5.6e-8 69 100 5446 5.6e-8 4.1e-7 16478 10.0508 0.00223286 36.7931 1 0 1 1e-3 0.2 0.00e+00 0.00e+00 0.00e+00
2 scenario2_n100_popSize5446_r5.6e-8 70 100 5446 5.6e-8 4.1e-7 16478 10.0508 0.00223286 36.7931 1 0 1 1e-3 0.2 0.00e+00 0.00e+00 2.28e-29
2 scenario2_n100_popSize5446_r5.6e-8 71 100 5446 5.6e-8 4.1e-7 16478 10.0508 0.00223286 36.7931 1 0 1 1e-3 0.2 0.00e+00 0.00e+00 4.96e-24
2 scenario2_n100_popSize5446_r5.6e-8 72 100 5446 5.6e-8 4.1e-7 16478 10.0508 0.00223286 36.7931 1 0 1 1e-3 0.2 0.00e+00 0.00e+00 6.78e-30
2 scenario2_n100_popSize5446_r5.6e-8 73 100 5446 5.6e-8 4.1e-7 16478 10.0508 0.00223286 36.7931 1 0 1 1e-3 0.2 0.00e+00 0.00e+00 0.00e+00
2 scenario2_n100_popSize5446_r5.6e-8 74 100 5446 5.6e-8 4.1e-7 16478 10.0508 0.00223286 36.7931 1 0 1 1e-3 0.2 0.00e+00 0.00e+00 3.87e-26
2 scenario2_n100_popSize5446_r5.6e-8 75 100 5446 5.6e-8 4.1e-7 16478 10.0508 0.00223286 36.7931 1 0 1 1e-3 0.2 0.00e+00 0.00e+00 7.09e-36
2 scenario2_n100_popSize5446_r5.6e-8 76 100 5446 5.6e-8 4.1e-7 16478 10.0508 0.00223286 36.7931 1 0 1 1e-3 0.2 0.00e+00 0.00e+00 2.59e-29
2 scenario2_n100_popSize5446_r5.6e-8 77 100 5446 5.6e-8 4.1e-7 16478 10.0508 0.00223286 36.7931 1 0 1 1e-3 0.2 0.00e+00 0.00e+00 0.00e+00
2 scenario2_n100_popSize5446_r5.6e-8 78 100 5446 5.6e-8 4.1e-7 16478 10.0508 0.00223286 36.7931 1 0 1 1e-3 0.2 0.00e+00 0.00e+00 0.00e+00
2 scenario2_n100_popSize5446_r5.6e-8 79 100 5446 5.6e-8 4.1e-7 16478 10.0508 0.00223286 36.7931 1 0 1 1e-3 0.2 0.00e+00 0.00e+00 0.00e+00
2 scenario2_n100_popSize5446_r5.6e-8 80 100 5446 5.6e-8 4.1e-7 16478 10.0508 0.00223286 36.7931 1 0 1 1e-3 0.2 0.00e+00 0.00e+00 4.01e-32
2 scenario2_n100_popSize5446_r5.6e-8 81 100 5446 5.6e-8 4.1e-7 16478 10.0508 0.00223286 36.7931 1 0 1 1e-3 0.2 0.00e+00 0.00e+00 1.55e-17
2 scenario2_n100_popSize5446_r5.6e-8 82 100 5446 5.6e-8 4.1e-7 16478 10.0508 0.00223286 36.7931 1 0 1 1e-3 0.2 0.00e+00 0.00e+00 1.14e-32
2 scenario2_n100_popSize5446_r5.6e-8 83 100 5446 5.6e-8 4.1e-7 16478 10.0508 0.00223286 36.7931 1 0 1 1e-3 0.2 0.00e+00 0.00e+00 0.00e+00
2 scenario2_n100_popSize5446_r5.6e-8 84 100 5446 5.6e-8 4.1e-7 16478 10.0508 0.00223286 36.7931 1 0 1 1e-3 0.2 0.00e+00 0.00e+00 1.03e-29
2 scenario2_n100_popSize5446_r5.6e-8 85 100 5446 5.6e-8 4.1e-7 16478 10.0508 0.00223286 36.7931 1 0 1 1e-3 0.2 0.00e+00 0.00e+00 6.16e-25
2 scenario2_n100_popSize5446_r5.6e-8 86 100 5446 5.6e-8 4.1e-7 16478 10.0508 0.00223286 36.7931 1 0 1 1e-3 0.2 0.00e+00 0.00e+00 2.15e-19
2 scenario2_n100_popSize5446_r5.6e-8 87 100 5446 5.6e-8 4.1e-7 16478 10.0508 0.00223286 36.7931 1 0 1 1e-3 0.2 0.00e+00 0.00e+00 0.00e+00
2 scenario2_n100_popSize5446_r5.6e-8 88 100 5446 5.6e-8 4.1e-7 16478 10.0508 0.00223286 36.7931 1 0 1 1e-3 0.2 0.00e+00 0.00e+00 0.00e+00
2 scenario2_n100_popSize5446_r5.6e-8 89 100 5446 5.6e-8 4.1e-7 16478 10.0508 0.00223286 36.7931 1 0 1 1e-3 0.2 0.00e+00 0.00e+00 0.00e+00
2 scenario2_n100_popSize5446_r5.6e-8 90 100 5446 5.6e-8 4.1e-7 16478 10.0508 0.00223286 36.7931 1 0 1 1e-3 0.2 0.00e+00 0.00e+00 1.01e-25
2 scenario2_n100_popSize5446_r5.6e-8 91 100 5446 5.6e-8 4.1e-7 16478 10.0508 0.00223286 36.7931 1 0 1 1e-3 0.2 0.00e+00 0.00e+00 1.47e-08
2 scenario2_n100_popSize5446_r5.6e-8 92 100 5446 5.6e-8 4.1e-7 16478 10.0508 0.00223286 36.7931 1 0 1 1e-3 0.2 0.00e+00 0.00e+00 0.00e+00
2 scenario2_n100_popSize5446_r5.6e-8 93 100 5446 5.6e-8 4.1e-7 16478 10.0508 0.00223286 36.7931 1 0 1 1e-3 0.2 0.00e+00 0.00e+00 4.04e-30
2 scenario2_n100_popSize5446_r5.6e-8 94 100 5446 5.6e-8 4.1e-7 16478 10.0508 0.00223286 36.7931 1 0 1 1e-3 0.2 0.00e+00 0.00e+00 5.07e-24
2 scenario2_n100_popSize5446_r5.6e-8 95 100 5446 5.6e-8 4.1e-7 16478 10.0508 0.00223286 36.7931 1 0 1 1e-3 0.2 0.00e+00 0.00e+00 0.00e+00
2 scenario2_n100_popSize5446_r5.6e-8 96 100 5446 5.6e-8 4.1e-7 16478 10.0508 0.00223286 36.7931 1 0 1 1e-3 0.2 0.00e+00 0.00e+00 2.73e-24
2 scenario2_n100_popSize5446_r5.6e-8 97 100 5446 5.6e-8 4.1e-7 16478 10.0508 0.00223286 36.7931 1 0 1 1e-3 0.2 0.00e+00 0.00e+00 1.44e-27
2 scenario2_n100_popSize5446_r5.6e-8 98 100 5446 5.6e-8 4.1e-7 16478 10.0508 0.00223286 36.7931 1 0 1 1e-3 0.2 0.00e+00 0.00e+00 1.71e-28
2 scenario2_n100_popSize5446_r5.6e-8 99 100 5446 5.6e-8 4.1e-7 16478 10.0508 0.00223286 36.7931 1 0 1 1e-3 0.2 0.00e+00 0.00e+00 9.81e-32
2 scenario2_n100_popSize5446_r5.6e-8 100 100 5446 5.6e-8 4.1e-7 16478 10.0508 0.00223286 36.7931 1 0 1 1e-3 0.2 0.00e+00 0.00e+00 2.03e-33
